date,nav
2012-12-04,1.0
2012-12-05,1.0019011091040972
2012-12-06,1.0015493950219132
2012-12-07,1.001715694522054
2012-12-10,0.9951806121366118
2012-12-11,0.9968028274919452
2012-12-12,1.0071662827220464
2012-12-13,1.0108399845491478
2012-12-14,1.0096080879120928
2012-12-17,1.003807682734996
2012-12-18,1.0055005124761112
2012-12-19,1.00892813129358
2012-12-20,0.997154213212497
2012-12-21,0.9851120623375714
2012-12-22,0.986991243001313
2012-12-24,0.9878225864628737
2012-12-25,0.9993738729884051
2012-12-26,0.995134235003279
2012-12-27,0.9973250128942123
2012-12-28,1.004177431579022
2013-01-02,1.0135133642681018
2013-01-03,1.0170181664620355
2013-01-04,1.008014971100256
2013-01-07,1.0035730634327455
2013-01-08,1.0037063278502694
2013-01-09,1.002400201529004
2013-01-10,1.0165843106534949
2013-01-11,1.016987182720182
2013-01-14,1.016828620836753
2013-01-15,1.0126751544922412
2013-01-16,1.0056946056389948
2013-01-17,0.9992795416533713
2013-01-18,1.0081923792715903
2013-01-21,1.0071252504463644
2013-01-22,1.0115800150882497
2013-01-23,1.0105716975209897
2013-01-24,1.0039670875501068
2013-01-25,1.0004507577886632
2013-01-28,1.0115783019253692
2013-01-29,1.0180940212171758
2013-01-30,1.0193664786263785
2013-01-31,1.0270585562376833
2013-02-01,1.0296954282722672
2013-02-04,1.0592663312638328
2013-02-05,1.0544952836565642
2013-02-06,1.06027270888607
2013-02-18,1.06171056757037
2013-02-19,1.0578238092006924
2013-02-20,1.0731403994638486
2013-02-21,1.059251007604868
2013-02-22,1.0582021493458968
2013-02-23,1.0663292336068413
2013-02-25,1.0570586165539342
2013-02-26,1.0530122629676621
2013-02-27,1.0512410860329204
2013-03-01,1.0581517884981646
2013-03-04,1.0419139372349968
2013-03-05,1.0512969640354273
2013-03-06,1.050225000867454
2013-03-07,1.0520609455533998
2013-03-08,1.0682858749241224
2013-03-11,1.0666166578107414
2013-03-12,1.0578270865841206
2013-03-13,1.0573705617800326
2013-03-14,1.0557269982811563
2013-03-15,1.0536066189376787
2013-03-18,1.0376480111023343
2013-03-19,1.0369500523525492
2013-03-20,1.0317039924090667
2013-03-21,1.0307687991480405
2013-03-22,1.025899185491182
2013-03-25,1.0407909829756354
2013-03-26,1.0373880055290308
2013-03-27,1.0456547126935525
2013-03-28,1.0429199179290423
2013-03-29,1.047466895965749
2013-04-01,1.0432407664234797
2013-04-02,1.0403325033967792
2013-04-03,1.0446206458805518
2013-04-08,1.0176171130080822
2013-04-09,1.0186949736235762
2013-04-10,1.0186527944328454
2013-04-11,1.0230531858633172
2013-04-12,1.0207029106468908
2013-04-15,1.0159563748811555
2013-04-16,1.013886961706855
2013-04-17,1.0033510138271475
2013-04-18,1.0034517596886137
2013-04-19,1.0183020799915485
2013-04-22,1.0200469930190443
2013-04-23,1.0215909297967747
2013-04-24,1.0261657712770125
2013-04-25,1.0241686203928901
2013-04-26,1.0220290362510855
2013-04-29,1.0220708862984054
2013-04-30,1.028605144812501
2013-05-02,1.0329710147470899
2013-05-03,1.036822991709702
2013-05-06,1.0370986928107169
2013-05-07,1.0375985781455606
2013-05-08,1.0432449893321398
2013-05-09,1.046191292475253
2013-05-10,1.0443649721595432
2013-05-13,1.0387894393059773
2013-05-14,1.03943550180631
2013-05-15,1.0489520207237428
2013-05-16,1.0652888111281178
2013-05-17,1.0631554696466163
2013-05-20,1.0629043871230268
2013-05-21,1.061932805385255
2013-05-22,1.0637724897193077
2013-05-23,1.0446991568244102
2013-05-24,1.0382062739100715
2013-05-27,1.0484148359056913
2013-05-28,1.0485803009068881
2013-05-29,1.0551566226444877
2013-05-30,1.0410231821277585
2013-05-31,1.0518889444434625
2013-06-03,1.036609948066171
2013-06-04,1.033556022330533
2013-06-05,1.0320262445792687
2013-06-06,1.0221423747634955
2013-06-07,1.025357165074225
2013-06-10,1.0313455179621678
2013-06-11,1.027270851867856
2013-06-13,1.0093493833546396
2013-06-14,1.0082074568360704
2013-06-17,1.0109923637532359
2013-06-18,1.0152497949886
2013-06-19,1.0112331044592
2013-06-20,1.0038244974644832
2013-06-21,0.9951952269226082
2013-06-24,0.9911844413224968
2013-06-25,0.9841697886327243
2013-06-26,0.9937652984118557
2013-06-27,0.9963600728687882
2013-06-28,1.0206851428682546
2013-07-01,1.0155444661653452
2013-07-02,1.0157825408502825
2013-07-03,1.0123716778188683
2013-07-04,1.0119086352152156
2013-07-05,1.01772922152714
2013-07-08,1.0121528556974098
2013-07-09,1.023537879250306
2013-07-10,1.0320067756662403
2013-07-11,1.0478289598745159
2013-07-12,1.052844997192548
2013-07-15,1.056488468644442
2013-07-16,1.0572233846016177
2013-07-17,1.0654094927469533
2013-07-18,1.0653692454053887
2013-07-19,1.0587966403263984
2013-07-22,1.0618306270723186
2013-07-23,1.0713447054808944
2013-07-24,1.0681689483117642
2013-07-25,1.0628487292525954
2013-07-26,1.066403404370774
2013-07-29,1.0633515784454013
2013-07-30,1.069507026196974
2013-07-31,1.0639090459516332
2013-08-01,1.066130728200044
2013-08-02,1.0744726373261373
2013-08-05,1.07526940466964
2013-08-06,1.0647568979326398
2013-08-07,1.0568675674445314
2013-08-08,1.0525844476601478
2013-08-09,1.0460760148681583
2013-08-12,1.0532712544178833
2013-08-13,1.0519934326368394
2013-08-14,1.052079514517892
2013-08-15,1.0487893739386054
2013-08-16,1.0507800129849296
2013-08-19,1.049424392112873
2013-08-20,1.0479469886925132
2013-08-22,1.0451968620653325
2013-08-23,1.046385243697701
2013-08-26,1.0499041816513166
2013-08-27,1.0471707107168724
2013-08-28,1.0456932997446353
2013-08-29,1.0476337679299321
2013-08-30,1.059827022313778
2013-09-02,1.0580944207994862
2013-09-03,1.0674753284665537
2013-09-04,1.0748965937945896
2013-09-05,1.0778701576392076
2013-09-06,1.0763107724199088
2013-09-09,1.0756634235082192
2013-09-10,1.0832928796303976
2013-09-11,1.085370351597572
2013-09-12,1.0889495190795995
2013-09-13,1.0865678743962743
2013-09-14,1.0823199551454514
2013-09-16,1.0952658227447114
2013-09-17,1.0975550932736964
2013-09-18,1.0933484673444427
2013-09-23,1.1095763173919129
2013-09-24,1.1090078299344315
2013-09-25,1.110069685288188
2013-09-26,1.092226603685959
2013-09-27,1.10180963600389
2013-09-30,1.0894073368690096
2013-10-01,1.0911014364701064
2013-10-02,1.0860598068400034
2013-10-03,1.1088759083438333
2013-10-04,1.1110883864982388
2013-10-07,1.109934351619209
2013-10-08,1.1170248923816963
2013-10-09,1.1124981923441193
2013-10-11,1.113573117467694
2013-10-14,1.1091035652393884
2013-10-15,1.1176059645266998
2013-10-16,1.113389188744889
2013-10-17,1.112896822273251
2013-10-18,1.114930836168306
2013-10-21,1.108774488531419
2013-10-22,1.1070863119082515
2013-10-23,1.1087155143017173
2013-10-24,1.1120644860660376
2013-10-25,1.1044256107255308
2013-10-28,1.1135824778844121
2013-10-29,1.1090497533452652
2013-10-30,1.1165381294219356
2013-10-31,1.119610311874022
2013-11-01,1.1109585529887436
2013-11-04,1.1007691696190205
2013-11-05,1.0957936774288726
2013-11-06,1.0959986101869417
2013-11-07,1.0901721403877997
2013-11-08,1.092934223745616
2013-11-11,1.0848492311657951
2013-11-12,1.0901320418163447
2013-11-13,1.077960903543815
2013-11-14,1.0783711568060872
2013-11-15,1.0821029251237424
2013-11-18,1.0832131475556808
2013-11-19,1.085874064249703
2013-11-20,1.08235640380271
2013-11-21,1.0708842298840326
2013-11-22,1.0792457726795746
2013-11-25,1.0931809585858752
2013-11-26,1.0925244706360255
2013-11-27,1.0952830419635609
2013-11-28,1.101932118652707
2013-11-29,1.104450193551379
2013-12-02,1.1029067442509195
2013-12-03,1.0983947070634308
2013-12-04,1.1022529981592728
2013-12-05,1.0981543295397265
2013-12-06,1.0924580779559867
2013-12-09,1.1054806009527764
2013-12-10,1.1104959371702985
2013-12-11,1.1143399219454035
2013-12-12,1.1024325937987691
2013-12-13,1.1093936474335144
2013-12-16,1.101836513322371
2013-12-17,1.0996138067590426
2013-12-18,1.1001913963624954
2013-12-19,1.1033571264573176
2013-12-20,1.1000909352868389
2013-12-23,1.101758460067884
2013-12-24,1.1011632714279715
2013-12-25,1.1045569008983314
2013-12-26,1.1065725905949586
2013-12-27,1.1106038318926297
2013-12-30,1.1227676657593022
2013-12-31,1.1188130255603375
2014-01-02,1.1198706619172225
2014-01-03,1.1091548924886097
2014-01-06,1.1056557201419426
2014-01-07,1.1035880661002226
2014-01-08,1.1051616152251305
2014-01-09,1.1062788239000454
2014-01-10,1.1068728015608231
2014-01-13,1.110433972548174
2014-01-14,1.1115681593806346
2014-01-15,1.11347039223871
2014-01-16,1.1142591041436383
2014-01-17,1.1126660843860252
2014-01-20,1.115330686910041
2014-01-21,1.1105869132844326
2014-01-22,1.115496835908501
2014-01-23,1.1101606324998319
2014-01-24,1.1151170034285685
2014-01-27,1.0992191440376806
2014-02-05,1.0763533205650255
2014-02-06,1.0778438650270414
2014-02-07,1.0844158768633618
2014-02-10,1.0839277315028124
2014-02-11,1.0849249266692418
2014-02-12,1.0935326564731698
2014-02-13,1.0891824266535817
2014-02-14,1.0951352194427506
2014-02-17,1.0948868190843197
2014-02-18,1.1026574429455822
2014-02-19,1.102423442267629
2014-02-20,1.0931743546117956
2014-02-21,1.1056763210632428
2014-02-24,1.1013053781627717
2014-02-25,1.0974616655950926
2014-02-26,1.0968135008508935
2014-02-27,1.1036147086400296
2014-03-03,1.0933650170249547
2014-03-04,1.087559135098933
2014-03-05,1.0905310074516341
2014-03-06,1.1000837331467161
2014-03-07,1.105903983575761
2014-03-10,1.0981639260197402
2014-03-11,1.0937967059825986
2014-03-12,1.0950678829925946
2014-03-13,1.0920216264727867
2014-03-14,1.0870484578062458
2014-03-17,1.0892930283248135
2014-03-18,1.0929997321373133
2014-03-19,1.088457505000618
2014-03-20,1.0783364832047964
2014-03-21,1.0779209275036417
2014-03-24,1.0816466997902228
2014-03-25,1.0842246658649124
2014-03-26,1.0875318272956083
2014-03-27,1.0841107484968682
2014-03-28,1.0937828718123308
2014-03-31,1.1006006560025694
2014-04-01,1.1023327626728474
2014-04-02,1.0988816838587134
2014-04-03,1.1018399889479822
2014-04-07,1.0988164856818707
2014-04-08,1.1035810932149879
2014-04-09,1.1065102512508607
2014-04-10,1.1107216777138582
2014-04-11,1.1093810862727231
2014-04-14,1.1080041131129121
2014-04-15,1.1049037616834578
2014-04-16,1.102028862437379
2014-04-17,1.1072536173028382
2014-04-18,1.1088269894280547
2014-04-21,1.104712342884258
2014-04-22,1.103947521598456
2014-04-23,1.100904918270466
2014-04-24,1.1030984304553964
2014-04-25,1.0899993396358558
2014-04-28,1.0921719621015198
2014-04-29,1.0972279733933057
2014-04-30,1.087532078320771
2014-05-02,1.0974304391877596
2014-05-05,1.0941349911138585
2014-05-06,1.1002906806337185
2014-05-07,1.1007094284811256
2014-05-08,1.1057884588937075
2014-05-09,1.1034334699432924
2014-05-12,1.0968841561975973
2014-05-13,1.0989097504230219
2014-05-14,1.104864795712185
2014-05-15,1.105999033192678
2014-05-16,1.1073874807365338
2014-05-19,1.108451923305735
2014-05-20,1.1058887080008466
2014-05-21,1.1030219656529905
2014-05-22,1.115446789685914
2014-05-23,1.1205647771629226
2014-05-26,1.121853175117496
2014-05-27,1.1262094733729167
2014-05-28,1.138148406767905
2014-05-29,1.1369011644859366
2014-05-30,1.145931171689135
2014-06-03,1.1459167221728828
2014-06-04,1.1403114824968679
2014-06-05,1.1401239703609545
2014-06-06,1.1419408797316477
2014-06-09,1.143132705953234
2014-06-10,1.1518201612177046
2014-06-11,1.149335914494143
2014-06-12,1.1502694511634528
2014-06-13,1.1510249458967183
2014-06-16,1.1508874395234499
2014-06-17,1.1536979335018682
2014-06-18,1.1547571728125128
2014-06-19,1.1545232287999512
2014-06-20,1.148021941460791
2014-06-23,1.15267267439298
2014-06-24,1.1581792081852624
2014-06-25,1.161451002126461
2014-06-26,1.1678603613319336
2014-06-27,1.1691464810832364
2014-06-30,1.1707796527589176
2014-07-01,1.1728781447017003
2014-07-02,1.1749433726235878
2014-07-03,1.168659349864298
2014-07-04,1.169731257384394
2014-07-07,1.1667502829161616
2014-07-08,1.1773082043262137
2014-07-09,1.1794921011343382
2014-07-10,1.1898985038438545
2014-07-11,1.1824375228073347
2014-07-14,1.1878301810213256
2014-07-15,1.2004075992207033
2014-07-16,1.1962755497393593
2014-07-17,1.2013318359982685
2014-07-18,1.2003886396612684
2014-07-21,1.2009655247293092
2014-07-22,1.2083513319930888
2014-07-24,1.2147714930157714
2014-07-25,1.2184475800580268
2014-07-28,1.2344723406363598
2014-07-29,1.2242277188073714
2014-07-30,1.2322920848952739
2014-07-31,1.2226447982391078
2014-08-01,1.211982771977524
2014-08-04,1.2074843490041927
2014-08-05,1.1794313028611814
2014-08-06,1.1941193337517917
2014-08-07,1.1975715477575597
2014-08-08,1.192110874338197
2014-08-11,1.2001629559654385
2014-08-12,1.1959615035320526
2014-08-13,1.2088616619408301
2014-08-14,1.209691571904344
2014-08-15,1.205359698656168
2014-08-18,1.1989370930906205
2014-08-19,1.215309756456657
2014-08-20,1.228240926349024
2014-08-21,1.2372517968435708
2014-08-22,1.2567979689592894
2014-08-25,1.2531560612408457
2014-08-26,1.2508412982610626
2014-08-27,1.2572881123648927
2014-08-28,1.2530474340048605
2014-08-29,1.2388515928627342
2014-09-01,1.2494418826457516
2014-09-02,1.2394119457422954
2014-09-03,1.2552874237060603
2014-09-04,1.254262537599434
2014-09-05,1.247704736381081
2014-09-09,1.251181025404017
2014-09-10,1.2462476303830734
2014-09-11,1.2464407459042428
2014-09-12,1.240054138900194
2014-09-15,1.236950232703663
2014-09-16,1.2223005059345815
2014-09-17,1.2305676187130166
2014-09-18,1.2348830216758107
2014-09-19,1.2338494132360838
2014-09-22,1.2252165334497376
2014-09-23,1.2217036519293842
2014-09-24,1.2231316069488567
2014-09-25,1.2150142806843403
2014-09-26,1.2121256601030754
2014-09-29,1.2040487855875208
2014-09-30,1.2023520766495377
2014-10-01,1.1985264654570298
2014-10-02,1.1919381038860664
2014-10-03,1.2129365224501005
2014-10-06,1.2021204507151098
2014-10-07,1.2014949839347828
2014-10-08,1.204091216457962
2014-10-09,1.2114007539732796
2014-10-13,1.18690625781927
2014-10-14,1.1917032932449643
2014-10-15,1.1820340313640851
2014-10-16,1.1779940354314036
2014-10-17,1.1749076006302912
2014-10-20,1.1809289516901396
2014-10-21,1.1813769645714083
2014-10-22,1.1853431803489791
2014-10-23,1.189697280173397
2014-10-24,1.1892856802997354
2014-10-27,1.1938243577530148
2014-10-28,1.202966377502526
2014-10-29,1.2120442636253854
2014-10-30,1.2140536829414836
2014-10-31,1.2205257764979207
2014-11-03,1.2157459271977018
2014-11-04,1.2144796360572767
2014-11-05,1.2125384572662454
2014-11-06,1.2082280406579784
2014-11-07,1.2014026628353296
2014-11-10,1.2197765126146165
2014-11-11,1.2167636059912244
2014-11-12,1.2031751903662917
2014-11-13,1.2105667529647237
2014-11-14,1.21206929870365
2014-11-17,1.2015521186192701
2014-11-18,1.2082753103782145
2014-11-19,1.2161803904686246
2014-11-20,1.2196073877524773
2014-11-21,1.216213577127112
2014-11-24,1.2184501449533187
2014-11-25,1.2103629341465094
2014-11-26,1.2103689220464322
2014-11-27,1.2152070228048597
2014-11-28,1.218748843962297
2014-12-01,1.199214802311179
2014-12-02,1.1847235275266703
2014-12-03,1.1950083896231187
2014-12-04,1.208033702561033
2014-12-05,1.203175948616109
2014-12-08,1.2026413524337543
2014-12-09,1.2028292147429875
2014-12-10,1.1910984110148144
2014-12-11,1.1837161373566274
2014-12-12,1.185363969906695
2014-12-15,1.1797203823071718
2014-12-16,1.1824584852654105
2014-12-17,1.1703890224015565
2014-12-18,1.179347983349139
2014-12-19,1.193088414031714
2014-12-22,1.1931909559800504
2014-12-23,1.1917921658005242
2014-12-24,1.2001704779871984
2014-12-25,1.197292590487684
2014-12-26,1.201834530061186
2014-12-27,1.198058035427683
2014-12-29,1.2051622330354925
2014-12-30,1.2066039739633565
2014-12-31,1.212299907285708
2015-01-05,1.2018826774189861
2015-01-06,1.180154189603902
2015-01-07,1.177151367164245
2015-01-08,1.1949503965531614
2015-01-09,1.1974720802025978
2015-01-12,1.1948338851844804
2015-01-13,1.207173711280441
2015-01-14,1.193967974955227
2015-01-15,1.1886535298674885
2015-01-16,1.1889734947048745
2015-01-19,1.193646597070686
2015-01-20,1.1917109109419013
2015-01-21,1.2030188462472025
2015-01-22,1.20769238791523
2015-01-23,1.2161960884606444
2015-01-26,1.2158707097219201
2015-01-27,1.2202418260320587
2015-01-28,1.2168315581058025
2015-01-29,1.2090974394894252
2015-01-30,1.2073451810719704
2015-02-02,1.2116462232967222
2015-02-03,1.2094884987172874
2015-02-04,1.2206619698897336
2015-02-05,1.224575700354027
2015-02-06,1.2197542931484
2015-02-09,1.212768592907297
2015-02-10,1.217406909005429
2015-02-11,1.2178193847908563
2015-02-12,1.2199428408278885
2015-02-13,1.2199093852974296
2015-02-24,1.235686223414166
2015-02-25,1.242150436025238
2015-02-26,1.232496170825883
2015-03-02,1.223745590267784
2015-03-03,1.2255260885731993
2015-03-04,1.2254392069872144
2015-03-05,1.2183430304111822
2015-03-06,1.225933218360288
2015-03-09,1.2153327831129697
2015-03-10,1.2147573878744558
2015-03-11,1.2125898492876177
2015-03-12,1.2246698310788873
2015-03-13,1.2193804997053925
2015-03-16,1.2151048405914737
2015-03-17,1.2215559872918809
2015-03-18,1.2342135631460844
2015-03-19,1.2419503611590967
2015-03-20,1.2391956239527955
2015-03-23,1.2404493072550917
2015-03-24,1.2430323450373164
2015-03-25,1.2357673886531102
2015-03-26,1.2356072381483534
2015-03-27,1.2232236931667189
2015-03-30,1.2306519051158462
2015-03-31,1.2395686425691639
2015-04-01,1.235678086284469
2015-04-02,1.243732461087646
2015-04-07,1.2480987714444451
2015-04-08,1.2411594506772774
2015-04-09,1.248859765226625
2015-04-10,1.2521922580404097
2015-04-13,1.2565892107265446
2015-04-14,1.2570612854613874
2015-04-15,1.2438186505815811
2015-04-16,1.2547593161339308
2015-04-17,1.2468315417435447
2015-04-20,1.2481856956832005
2015-04-21,1.2502118878972375
2015-04-22,1.256137439819173
2015-04-23,1.2966838046242566
2015-04-24,1.300203931953834
2015-04-27,1.3129262587112205
2015-04-28,1.317606648938576
2015-04-29,1.30136793351414
2015-04-30,1.2917758609727195
2015-05-04,1.2992355786427146
2015-05-05,1.2959601183864726
2015-05-06,1.2970391875718392
2015-05-07,1.2821594515256896
2015-05-08,1.284591332015272
2015-05-11,1.2824671509372336
2015-05-12,1.288182254197568
2015-05-13,1.295855409740467
2015-05-14,1.2718002410495113
2015-05-15,1.2739467658571404
2015-05-18,1.2822018561470452
2015-05-19,1.2862561691895997
2015-05-20,1.2842426729412597
2015-05-21,1.2685804722283185
2015-05-22,1.2726792555188564
2015-05-25,1.2676261620294142
2015-05-26,1.2766053031074334
2015-05-27,1.2807626194256556
2015-05-28,1.276604424447489
2015-05-29,1.2774451610256417
2015-06-01,1.2719038323603693
2015-06-02,1.2715896621912477
2015-06-03,1.2693274973142379
2015-06-04,1.2490738069589211
2015-06-05,1.2462253186913899
2015-06-08,1.2576053017677087
2015-06-09,1.247865484752297
2015-06-10,1.2573940510300419
2015-06-11,1.2535174697643237
2015-06-12,1.2580873372165378
2015-06-15,1.2526927389812919
2015-06-16,1.250771453516999
2015-06-17,1.2436657505117157
2015-06-18,1.2511942308462436
2015-06-22,1.261907647461545
2015-06-23,1.2628189092896653
2015-06-24,1.2675234337880474
2015-06-25,1.2713684559618963
2015-06-26,1.270216097235831
2015-06-29,1.2566477931881517
2015-06-30,1.2600647331113832
2015-07-01,1.2669739937090994
2015-07-02,1.2660329295501906
2015-07-03,1.2690371458629057
2015-07-06,1.2577119724831591
2015-07-07,1.2611089960907875
2015-07-08,1.2387833056897566
2015-07-09,1.2348091707995934
2015-07-13,1.2444016841344345
2015-07-14,1.2516489954313843
2015-07-15,1.2572915469176296
2015-07-16,1.2660450732471142
2015-07-17,1.261303714526186
2015-07-20,1.258033068838501
2015-07-21,1.2561205588284343
2015-07-22,1.2564858439326312
2015-07-23,1.254306645234746
2015-07-24,1.2561300100626744
2015-07-27,1.2399733921885243
2015-07-28,1.238021866337625
2015-07-29,1.2384315148600846
2015-07-30,1.2543905042659205
2015-07-31,1.2641709737948008
2015-08-03,1.2606233149154669
2015-08-04,1.272653673136374
2015-08-05,1.2744399391554586
2015-08-06,1.261415517030538
2015-08-07,1.2560872211960616
2015-08-10,1.2521476439625083
2015-08-11,1.2432898782057398
2015-08-12,1.219238910031207
2015-08-13,1.22547202187958
2015-08-14,1.2271465215830843
2015-08-17,1.218546007956904
2015-08-18,1.205925319079139
2015-08-19,1.184906457776704
2015-08-20,1.1860348701082364
2015-08-21,1.1742470480798421
2015-08-24,1.1479762657865655
2015-08-25,1.1643459169222663
2015-08-26,1.1677960354864036
2015-08-27,1.1779982541971203
2015-08-28,1.1902725237972511
2015-08-31,1.204669032875935
2015-09-01,1.1864048448563724
2015-09-02,1.1851679919408071
2015-09-03,1.1928415798326881
2015-09-04,1.1868682977933218
2015-09-07,1.1912463626426346
2015-09-08,1.1824658526244447
2015-09-09,1.200270050861507
2015-09-10,1.2043637674821113
2015-09-11,1.2059053522115994
2015-09-14,1.2037149392002815
2015-09-15,1.2024355617385074
2015-09-16,1.2049574381804535
2015-09-17,1.2158223866046953
2015-09-18,1.2182722712432001
2015-09-21,1.197988405003516
2015-09-22,1.20387502361132
2015-09-23,1.1816230144270519
2015-09-24,1.1805744378489635
2015-09-25,1.172134109042097
2015-09-30,1.178491797161732
2015-10-01,1.1823752062669663
2015-10-02,1.1869671096801295
2015-10-05,1.1846282534990182
2015-10-06,1.1889047314556647
2015-10-07,1.1933744002923603
2015-10-08,1.1878794823504442
2015-10-12,1.1978008699289042
2015-10-13,1.2028701582067411
2015-10-14,1.1933904732689598
2015-10-15,1.2036745569889788
2015-10-16,1.2126570058352986
2015-10-19,1.211782747863309
2015-10-20,1.219145593639081
2015-10-21,1.2073159988065556
2015-10-22,1.2168002550213375
2015-10-23,1.2246796936252855
2015-10-26,1.2360576163319064
2015-10-27,1.2316251408606735
2015-10-28,1.2309284822990456
2015-10-29,1.2182410421465946
2015-10-30,1.2110853353504194
2015-11-02,1.206689451488955
2015-11-03,1.2192737584447582
2015-11-04,1.2267320188994801
2015-11-05,1.2260655533665223
2015-11-06,1.2087633412545642
2015-11-09,1.2050543859721425
2015-11-10,1.1896820401406543
2015-11-11,1.1857615236158319
2015-11-12,1.1869692558680902
2015-11-13,1.177369475946857
2015-11-16,1.1731305699502992
2015-11-17,1.1865301816415386
2015-11-18,1.1784928409767723
2015-11-19,1.1896830771931741
2015-11-20,1.186075258832271
2015-11-23,1.1840737652778084
2015-11-24,1.182870788671014
2015-11-25,1.1819532857644879
2015-11-26,1.1863732387390904
2015-11-27,1.177583302941881
2015-11-30,1.1721460953258833
2015-12-01,1.1888983602021777
2015-12-02,1.1792738465684358
2015-12-03,1.175695888544677
2015-12-04,1.1735770984166993
2015-12-07,1.1734794285649528
2015-12-08,1.1593262992828657
2015-12-09,1.1503598271294495
2015-12-10,1.154636459245576
2015-12-11,1.1482048709709998
2015-12-14,1.1418669362708604
2015-12-15,1.1399085178011557
2015-12-16,1.145056837434831
2015-12-17,1.1617082357327075
2015-12-18,1.1492081129308238
2015-12-21,1.1480706618246799
2015-12-22,1.1552515885260202
2015-12-23,1.160749131591024
2015-12-24,1.162693935925275
2015-12-25,1.1651653180289032
2015-12-28,1.167597288828959
2015-12-29,1.1608862846754082
2015-12-30,1.1551792776629914
2015-12-31,1.1598722065591656
2016-01-04,1.1409814785629682
2016-01-05,1.1405555900577016
2016-01-06,1.1333394482372476
2016-01-07,1.1218322362464372
2016-01-08,1.124952872247906
2016-01-11,1.1179677795327485
2016-01-12,1.1260300016905356
2016-01-13,1.1278968761609498
2016-01-14,1.1253186671301352
2016-01-15,1.115392633643473
2016-01-18,1.1080260243173061
2016-01-19,1.1167563653132595
2016-01-20,1.1100395881730052
2016-01-21,1.0952775773867451
2016-01-22,1.1042474766200416
2016-01-25,1.129308685664184
2016-01-26,1.116995580209005
2016-01-27,1.1220291211401856
2016-01-28,1.128930112019691
2016-01-29,1.1567576231194832
2016-01-30,1.165426464747491
2016-02-01,1.1690848002614043
2016-02-02,1.1651459444177426
2016-02-03,1.15131815309125
2016-02-15,1.16091506921543
2016-02-16,1.1780638688603633
2016-02-17,1.1723064048044909
2016-02-18,1.1785173616923017
2016-02-19,1.1822317100137514
2016-02-22,1.181226001550072
2016-02-23,1.1824789624625933
2016-02-24,1.173568013278244
2016-02-25,1.1846266630578206
2016-02-26,1.1920441843027467
2016-03-01,1.195482267696211
2016-03-02,1.200283258128262
2016-03-03,1.2141795326457945
2016-03-04,1.2160171614179307
2016-03-07,1.2225728149270623
2016-03-08,1.219345375041201
2016-03-09,1.212346234809438
2016-03-10,1.2177848753608114
2016-03-11,1.219238226448562
2016-03-14,1.2192315933454885
2016-03-15,1.2048863960354794
2016-03-16,1.210710627063855
2016-03-17,1.223433304920075
2016-03-18,1.2310586249684332
2016-03-21,1.2237917078288982
2016-03-22,1.2262539020521948
2016-03-23,1.2305314078754235
2016-03-24,1.2268383680784456
2016-03-25,1.224294420909155
2016-03-28,1.2227510647770583
2016-03-29,1.218902591598933
2016-03-30,1.2261345397960688
2016-03-31,1.2273556288821197
2016-04-01,1.2140901687578822
2016-04-06,1.2001713380712509
2016-04-07,1.1947529533399668
2016-04-08,1.1944295809580623
2016-04-11,1.203182683031355
2016-04-12,1.2063070942418985
2016-04-13,1.2226992594204706
2016-04-14,1.2225816517949912
2016-04-15,1.225929798254981
2016-04-18,1.2246027441027103
2016-04-19,1.2210237084187339
2016-04-20,1.2091647893802129
2016-04-21,1.2175663653098336
2016-04-22,1.2166522686801131
2016-04-25,1.2208628365463268
2016-04-26,1.2209027180193905
2016-04-27,1.2197730933934372
2016-04-28,1.2083998910687923
2016-04-29,1.2107137503389922
2016-05-03,1.2240672973067535
2016-05-04,1.2199221765814718
2016-05-05,1.2086567701548396
2016-05-06,1.2054310632588916
2016-05-09,1.208053545004341
2016-05-10,1.214668356381318
2016-05-11,1.2111958283959674
2016-05-12,1.216512747652695
2016-05-13,1.2260648254694722
2016-05-16,1.2159686680478252
2016-05-17,1.220193730916256
2016-05-18,1.231232067938167
2016-05-19,1.2187409708237784
2016-05-20,1.218664340860737
2016-05-23,1.230381476308578
2016-05-24,1.2302408637974682
2016-05-25,1.235954238445342
2016-05-26,1.2356903900109397
2016-05-27,1.2472325125680928
2016-05-30,1.2518795470122017
2016-05-31,1.2507119869402523
2016-06-01,1.2616727460736699
2016-06-02,1.2620880913607493
2016-06-03,1.266883962518598
2016-06-04,1.2636719477267357
2016-06-06,1.2670569190461352
2016-06-07,1.2837721405596436
2016-06-08,1.2948297561906295
2016-06-13,1.269048383615028
2016-06-14,1.275607743710661
2016-06-15,1.278091675690981
2016-06-16,1.2563969139364362
2016-06-17,1.27326574389162
2016-06-20,1.2794032340987558
2016-06-21,1.2914810422082226
2016-06-22,1.286553626098594
2016-06-23,1.2841567609742677
2016-06-24,1.2568691753696637
2016-06-27,1.253487928686595
2016-06-28,1.2626396108911881
2016-06-29,1.2751830479247586
2016-06-30,1.2837147837577632
2016-07-01,1.2892426874893674
2016-07-04,1.2909375191933028
2016-07-05,1.287272091660683
2016-07-06,1.2720352543393592
2016-07-07,1.2735121978749837
2016-07-11,1.2951578384903097
2016-07-12,1.2978159519198487
2016-07-13,1.307762613638032
2016-07-14,1.3118679750283242
2016-07-15,1.3262854130659745
2016-07-18,1.331703073215566
2016-07-19,1.3354951664899477
2016-07-20,1.3332129990839694
2016-07-21,1.336783490149706
2016-07-22,1.329441078810378
2016-07-25,1.331935415699365
2016-07-26,1.3304480044815346
2016-07-27,1.3330962528448893
2016-07-28,1.3363723798876839
2016-07-29,1.3308961220061508
2016-08-01,1.3390291908067273
2016-08-02,1.3370409791002622
2016-08-03,1.32940705708855
2016-08-04,1.328373803135336
2016-08-05,1.343309593560825
2016-08-08,1.3573412215295433
2016-08-09,1.3610047686334767
2016-08-10,1.3708663611992582
2016-08-11,1.3665266361948114
2016-08-12,1.3657587125288277
2016-08-15,1.3563165727330329
2016-08-16,1.3589724732774422
2016-08-17,1.361785505229865
2016-08-18,1.3664216490581451
2016-08-19,1.3495243830784287
2016-08-22,1.3195300426781462
2016-08-23,1.3288847653974665
2016-08-24,1.316479937576581
2016-08-25,1.3328086676026458
2016-08-26,1.3344076179744166
2016-08-29,1.335662667280047
2016-08-30,1.3334907249458645
2016-08-31,1.327992296093465
2016-09-01,1.3089895372754559
2016-09-02,1.3194133632884564
2016-09-05,1.3373078063329598
2016-09-06,1.344078452792648
2016-09-07,1.3503641574695688
2016-09-08,1.3604357271387004
2016-09-09,1.3479755439269399
2016-09-10,1.3334614508689286
2016-09-12,1.3232276432161214
2016-09-13,1.3267268717489287
2016-09-14,1.3141708854947836
2016-09-19,1.346683026151781
2016-09-20,1.3445339068026039
2016-09-21,1.3465484402449297
2016-09-22,1.3475110011665339
2016-09-23,1.354194573187735
2016-09-26,1.3437921242718256
2016-09-29,1.34974617610831
2016-09-30,1.3311007924212395
2016-10-03,1.3332205363780518
2016-10-04,1.3423199309411575
2016-10-05,1.3410345406396238
2016-10-06,1.3403942026988753
2016-10-07,1.332230320941133
2016-10-11,1.3321558550503654
2016-10-12,1.3341050280823545
2016-10-13,1.3307422979983197
2016-10-14,1.3233634211308303
2016-10-17,1.3249572884771132
2016-10-18,1.3331472257123858
2016-10-19,1.3350383838097821
2016-10-20,1.3360057262650322
2016-10-21,1.336001934728003
2016-10-24,1.3338036119284435
2016-10-25,1.3415045800988847
2016-10-26,1.3326179740824458
2016-10-27,1.326684138864387
2016-10-28,1.3309368535613924
2016-10-31,1.327117775669906
2016-11-01,1.3267151649990678
2016-11-02,1.319653830802624
2016-11-03,1.321222300105407
2016-11-04,1.3182606576943117
2016-11-07,1.3240617752192878
2016-11-08,1.3411711844741698
2016-11-09,1.3126886774916793
2016-11-10,1.3367763816273441
2016-11-11,1.3192246897301876
2016-11-14,1.3236652092605825
2016-11-15,1.3219887786074307
2016-11-16,1.322716187370636
2016-11-17,1.324194256627031
2016-11-18,1.31906131063237
2016-11-21,1.327343567597689
2016-11-22,1.333763799046483
2016-11-23,1.3355193425087972
2016-11-24,1.342059045157034
2016-11-25,1.3433299279884354
2016-11-28,1.3508710822673264
2016-11-29,1.3428068781896798
2016-11-30,1.3476814701325672
2016-12-01,1.3481279935253465
2016-12-02,1.3496297131520358
2016-12-05,1.3403388494591488
2016-12-06,1.3537200182013058
2016-12-07,1.3584483895854684
2016-12-08,1.376315215161129
2016-12-09,1.3818244911783037
2016-12-12,1.3805670425865835
2016-12-13,1.3840147473570608
2016-12-14,1.3726362780993138
2016-12-15,1.3727166623892602
2016-12-16,1.3714589796544694
2016-12-19,1.3616102425687888
2016-12-20,1.3576044894140107
2016-12-21,1.35257083449073
2016-12-22,1.3413168099016826
2016-12-23,1.3368574494147385
2016-12-26,1.3443745058425036
2016-12-27,1.3419835529193131
2016-12-28,1.3541706729810823
2016-12-29,1.3438592228878938
2016-12-30,1.3552761439344638
2017-01-03,1.356818294068479
2017-01-04,1.361827957981329
2017-01-05,1.3738958631158527
2017-01-06,1.375943897752002
2017-01-09,1.3710656813160866
2017-01-10,1.375320145302897
2017-01-11,1.3790485150261174
2017-01-12,1.3897269558971872
2017-01-13,1.3850711663559254
2017-01-16,1.3708764998445393
2017-01-17,1.3742385874921255
2017-01-18,1.3662993851041862
2017-01-19,1.3641542267968414
2017-01-20,1.3651006774757168
2017-01-23,1.3755460204026166
2017-01-24,1.3729617690698737
2017-02-02,1.365711822922467
2017-02-03,1.3701955210639596
2017-02-06,1.3818609895860456
2017-02-07,1.3911636677100747
2017-02-08,1.3873696776203046
2017-02-09,1.3877500101344462
2017-02-10,1.4000706937525371
2017-02-13,1.4057452502933985
2017-02-14,1.4055713599615418
2017-02-15,1.4189687635170893
2017-02-16,1.4124043354646647
2017-02-17,1.407005022762318
2017-02-18,1.4114001204492226
2017-02-20,1.4109910017470182
2017-02-21,1.4115774886319157
2017-02-22,1.415005996077747
2017-02-23,1.4104649200234904
2017-02-24,1.4099523633382736
2017-03-01,1.406608002962252
2017-03-02,1.4086186359632025
2017-03-03,1.4038431403989224
2017-03-06,1.409368147330516
2017-03-07,1.4107110443873638
2017-03-08,1.4081055310817712
2017-03-09,1.40359663591252
2017-03-10,1.4048545636963947
2017-03-13,1.4082306956910755
2017-03-14,1.4122409248173795
2017-03-15,1.4125937957312746
2017-03-16,1.422778654089053
2017-03-17,1.4266141954192095
2017-03-20,1.4261857278971917
2017-03-21,1.4313939488335448
2017-03-22,1.4231478312239194
2017-03-23,1.4230663130283914
2017-03-24,1.4190077181689627
2017-03-27,1.421091532071991
2017-03-28,1.4234646003164722
2017-03-29,1.4284760480945704
2017-03-30,1.4322928611274366
2017-03-31,1.4251022556220878
2017-04-05,1.4322777635996284
2017-04-06,1.4243785606078594
2017-04-07,1.4197373968716818
2017-04-10,1.426431259829862
2017-04-11,1.42187399984548
2017-04-12,1.4234757554465347
2017-04-13,1.4211556622992183
2017-04-14,1.410748109842654
2017-04-17,1.4103811118497402
2017-04-18,1.4125688212219445
2017-04-19,1.3991535826658041
2017-04-20,1.3981709728689689
2017-04-21,1.4055412136292669
2017-04-24,1.4058173182265454
2017-04-25,1.4197654882216684
2017-04-26,1.42411932144276
2017-04-27,1.4217254421952314
2017-04-28,1.4178099997811937
2017-05-02,1.4406807981171346
2017-05-03,1.443269068632269
2017-05-04,1.4503160960384758
2017-05-05,1.4400453156092172
2017-05-08,1.4459842230343534
2017-05-09,1.4442159077456072
2017-05-10,1.4418699530526526
2017-05-11,1.4452326102857884
2017-05-12,1.4467303885969414
2017-05-15,1.452489702397271
2017-05-16,1.4511928157835245
2017-05-17,1.4489174166996903
2017-05-18,1.4433354165125516
2017-05-19,1.44323699266864
2017-05-22,1.4472142337368965
2017-05-23,1.448294066078696
2017-05-24,1.4491780691818381
2017-05-25,1.4503566466276794
2017-05-26,1.4519967233378313
2017-05-31,1.447344382019388
2017-06-01,1.4451868680084172
2017-06-02,1.4481549241794547
2017-06-03,1.4498570271420868
2017-06-05,1.4539046606181565
2017-06-06,1.453446912332413
2017-06-07,1.451713879894656
2017-06-08,1.4599260515540389
2017-06-09,1.4544856461546356
2017-06-12,1.4512826904208205
2017-06-13,1.454268246130154
2017-06-14,1.4491819264496075
2017-06-15,1.4506214972430063
2017-06-16,1.453183992084812
2017-06-19,1.4593595658759726
2017-06-20,1.4620053359841774
2017-06-21,1.4616155598559453
2017-06-22,1.467915506101318
2017-06-23,1.4672643680721322
2017-06-26,1.490180775550191
2017-06-27,1.498691477441599
2017-06-28,1.4880415585221909
2017-06-29,1.5035546519900973
2017-06-30,1.4998341785115263
2017-07-03,1.5036101368422488
2017-07-04,1.4981283451414593
2017-07-05,1.5084921675906338
2017-07-06,1.503087751148519
2017-07-07,1.4971750144028766
2017-07-10,1.4944611593391492
2017-07-11,1.5038211782337425
2017-07-12,1.5011192621264915
2017-07-13,1.503475909469832
2017-07-14,1.5094892516480403
2017-07-17,1.5183013729162205
2017-07-18,1.5218659520357933
2017-07-19,1.518866046979389
2017-07-20,1.517600107324235
2017-07-21,1.508704888644186
2017-07-24,1.516813692418416
2017-07-25,1.5170581015376237
2017-07-26,1.5123584600354578
2017-07-27,1.518819146768496
2017-07-28,1.5158580206661572
2017-07-31,1.5073100278731948
2017-08-01,1.5154820249188183
2017-08-02,1.5302113369017045
2017-08-03,1.5251574364971496
2017-08-04,1.5408051976295771
2017-08-07,1.5515822231411776
2017-08-08,1.548297310476903
2017-08-09,1.5320656599370563
2017-08-10,1.5154975858499091
2017-08-11,1.5136375820688317
2017-08-14,1.5039919398059496
2017-08-15,1.508290262229689
2017-08-16,1.510184631348842
2017-08-17,1.5275478081155496
2017-08-18,1.5196392141480013
2017-08-21,1.5176161140859483
2017-08-22,1.5271086668811524
2017-08-23,1.526134427995154
2017-08-24,1.537202256697214
2017-08-25,1.533726678285173
2017-08-28,1.5450245014548454
2017-08-29,1.5422082444248275
2017-08-30,1.545575980828379
2017-08-31,1.5520350887913477
2017-09-01,1.5502986346901928
2017-09-04,1.5392818923405944
2017-09-05,1.5426188114746058
2017-09-06,1.5334753331642228
2017-09-07,1.5329882976973377
2017-09-08,1.5372878308204418
2017-09-11,1.53441942864869
2017-09-12,1.5402859620262355
2017-09-13,1.532822496442646
2017-09-14,1.5316464243117565
2017-09-15,1.527387809447427
2017-09-18,1.534330658965988
2017-09-19,1.5328442985504234
2017-09-20,1.529871105098336
2017-09-21,1.528387078625194
2017-09-22,1.5225892851314897
2017-09-25,1.5162071102320038
2017-09-26,1.5248812124410462
2017-09-27,1.5260592608982138
2017-09-28,1.5227399737871496
2017-09-29,1.5205275798738935
2017-09-30,1.5255696627065123
2017-10-02,1.5271886182931644
2017-10-03,1.5287256201919315
2017-10-05,1.5292988887332954
2017-10-06,1.5362576592649078
2017-10-11,1.5445229637101243
2017-10-12,1.547814585901933
2017-10-13,1.5502240135287586
2017-10-16,1.5512170818706401
2017-10-17,1.5556727972401003
2017-10-18,1.5503244800462477
2017-10-19,1.5439784884481491
2017-10-20,1.5406225433949388
2017-10-23,1.538507847231006
2017-10-24,1.5436015783463877
2017-10-25,1.5436882059180164
2017-10-26,1.5359849311706975
2017-10-27,1.5309666674466984
2017-10-30,1.5288455860789176
2017-10-31,1.5288371520635229
2017-11-01,1.5308960987023776
2017-11-02,1.5257480193811759
2017-11-03,1.528889031103984
2017-11-06,1.5247202911929916
2017-11-07,1.529212150559525
2017-11-08,1.5260459285654704
2017-11-09,1.527808649858248
2017-11-10,1.5248367085841052
2017-11-13,1.5210925690891914
2017-11-14,1.5217688596121504
2017-11-15,1.5174498327736634
2017-11-16,1.5125542283147313
2017-11-17,1.5179188912747805
2017-11-20,1.5194605654799336
2017-11-21,1.535365722479381
2017-11-22,1.5437263612631582
2017-11-23,1.543730338425508
2017-11-24,1.533923364972973
2017-11-27,1.529381427320076
2017-11-28,1.5277937419228174
2017-11-29,1.525889116169939
2017-11-30,1.5173080216599777
2017-12-01,1.5268014854464476
2017-12-04,1.5378569889493414
2017-12-05,1.5373937865082763
2017-12-06,1.5209779932529475
2017-12-07,1.515333206364128
2017-12-08,1.511843858994325
2017-12-11,1.5174974303112136
2017-12-12,1.519763035115594
2017-12-13,1.5252931600277695
2017-12-14,1.5279520869508971
2017-12-15,1.5239068314860382
2017-12-18,1.5249519477140125
2017-12-19,1.524822342816936
2017-12-20,1.5241857547617066
2017-12-21,1.525400465096742
2017-12-22,1.5343040230882887
2017-12-25,1.5320359016056806
2017-12-26,1.5275966090267905
2017-12-27,1.5329057022096244
2017-12-28,1.5362908728271805
2017-12-29,1.541957793536961
2018-01-02,1.5501261881365107
2018-01-03,1.5584017814629123
2018-01-04,1.5629040493903763
2018-01-05,1.5779137440191877
2018-01-08,1.5910998207397717
2018-01-09,1.5894676296578105
2018-01-10,1.5942762384282216
2018-01-11,1.592810295765208
2018-01-12,1.5944225430518182
2018-01-15,1.609297773660671
2018-01-16,1.6095262227922023
2018-01-17,1.614290832752293
2018-01-18,1.612444961003254
2018-01-19,1.60815563064567
2018-01-22,1.6048912868432912
2018-01-23,1.6038898229296437
2018-01-24,1.59464451494719
2018-01-25,1.607430296957518
2018-01-26,1.6048095536205056
2018-01-29,1.6116566749907935
2018-01-30,1.5982103679119328
2018-01-31,1.602623977336777
2018-02-01,1.605265353072905
2018-02-02,1.6030181981973644
2018-02-05,1.5829822610116113
2018-02-06,1.5318929147367935
2018-02-07,1.5499155735195302
2018-02-08,1.546313681421779
2018-02-09,1.5325499294945784
2018-02-12,1.5390628084997704
2018-02-21,1.5636146942653248
2018-02-22,1.5628961043136986
2018-02-23,1.5734434456442845
2018-02-26,1.5802311721510889
2018-02-27,1.5795134329098004
2018-03-01,1.5751547486941333
2018-03-02,1.5662664988789095
2018-03-05,1.5606008751343226
2018-03-06,1.5729083422412453
2018-03-07,1.5656320415091274
2018-03-08,1.576111999320358
2018-03-09,1.5808019057669493
2018-03-12,1.593194494348018
2018-03-13,1.6022064774491585
2018-03-14,1.5958055094387964
2018-03-15,1.5891001473052608
2018-03-16,1.6053299608654341
2018-03-19,1.6051087238332746
2018-03-20,1.599674726489605
2018-03-21,1.6026763089628275
2018-03-22,1.604661326066797
2018-03-23,1.5907223602893357
2018-03-26,1.5909893380960942
2018-03-27,1.6055735048286932
2018-03-28,1.5965811946124382
2018-03-29,1.5941885394179482
2018-03-30,1.6010640930305682
2018-03-31,1.6034719437047003
2018-04-02,1.6020417683406014
2018-04-03,1.5964109286231905
2018-04-09,1.608815552787833
2018-04-10,1.6201981853095113
2018-04-11,1.6154438219835465
2018-04-12,1.6200418376396986
2018-04-13,1.6179477263842215
2018-04-16,1.6158795830098365
2018-04-17,1.6104751986416168
2018-04-18,1.60937172667748
2018-04-19,1.62456782455784
2018-04-20,1.617696490404922
2018-04-23,1.6210055617098496
2018-04-24,1.6183891553130612
2018-04-25,1.6206037109351168
2018-04-26,1.6233115324817442
2018-04-27,1.6255760917538704
2018-04-30,1.6334420525089475
2018-05-02,1.6347798428799838
2018-05-03,1.625978415877849
2018-05-04,1.6163756767456845
2018-05-07,1.617578629395537
2018-05-08,1.6240475739968019
2018-05-09,1.6147852063264538
2018-05-10,1.6130942482624042
2018-05-11,1.622596036226609
2018-05-14,1.6274864907416013
2018-05-15,1.625171113732065
2018-05-16,1.6244440680576726
2018-05-17,1.6242975004027602
2018-05-18,1.6275019710278078
2018-05-21,1.6376882562259523
2018-05-22,1.6283791792892222
2018-05-23,1.626444288490517
2018-05-24,1.6309972871642713
2018-05-25,1.6297184611830484
2018-05-28,1.6413839370359031
2018-05-29,1.6374565265210221
2018-05-30,1.6109284551449174
2018-05-31,1.617951132926452
2018-06-01,1.627740480058117
2018-06-04,1.6368607450211203
2018-06-05,1.647549776441538
2018-06-06,1.6507817945408412
2018-06-07,1.6570656558893546
2018-06-08,1.6493859064363072
2018-06-11,1.6469383443798913
2018-06-12,1.6412205672834577
2018-06-13,1.64217521352199
2018-06-14,1.6249165264794134
2018-06-15,1.6300005892958416
2018-06-19,1.607945956457381
2018-06-20,1.6171473740172646
2018-06-21,1.6145888531378645
2018-06-22,1.6146860086105663
2018-06-25,1.612803492130981
2018-06-26,1.6110905361739396
2018-06-27,1.60873061746233
2018-06-28,1.6038225955625633
2018-06-29,1.6246681405255239
2018-07-02,1.6079622785418393
2018-07-03,1.604570333525128
2018-07-04,1.6123761941018528
2018-07-05,1.6116054852201176
2018-07-06,1.6099364266623917
2018-07-09,1.6150040348818797
2018-07-10,1.6235989982393855
2018-07-11,1.6157515248058143
2018-07-12,1.623752092169624
2018-07-13,1.627035172151905
2018-07-16,1.6203966052601348
2018-07-17,1.6265684094706756
2018-07-18,1.6290660229360585
2018-07-19,1.626413596465898
2018-07-20,1.631839860900742
2018-07-23,1.6353640121330741
2018-07-24,1.6376993426888398
2018-07-25,1.6363006093291748
2018-07-26,1.6444802824239357
2018-07-27,1.6458205794786676
2018-07-30,1.6499859243660113
2018-07-31,1.66041808138844
2018-08-01,1.6649173207136636
2018-08-02,1.654605062462212
2018-08-03,1.657755873853743
2018-08-06,1.6592387603819563
2018-08-07,1.6590069246728598
2018-08-08,1.6683681974676823
2018-08-09,1.675611579507095
2018-08-10,1.6912865764576248
2018-08-13,1.6738665789605893
2018-08-14,1.678679200703116
2018-08-15,1.6669035836599926
2018-08-16,1.6649790197739953
2018-08-17,1.6738296521331835
2018-08-20,1.6827245124484664
2018-08-21,1.6990727249264441
2018-08-22,1.7049781216750681
2018-08-23,1.7073490822126043
2018-08-24,1.6986094101919913
2018-08-27,1.693475963619135
2018-08-28,1.7015304602276857
2018-08-29,1.7059986949514538
2018-08-30,1.700567698259218
2018-08-31,1.7045064779706345
2018-09-03,1.6995248173705917
2018-09-04,1.7080236596915341
2018-09-05,1.6911944421673795
2018-09-06,1.6928293558470389
2018-09-07,1.6967193009782804
2018-09-10,1.694265250082402
2018-09-11,1.6993148936432958
2018-09-12,1.7034874777978821
2018-09-13,1.7069215609646269
2018-09-14,1.70371402183655
2018-09-17,1.707618188993964
2018-09-18,1.7206480886005684
2018-09-19,1.730891962225371
2018-09-20,1.7354447496722136
2018-09-21,1.7469967789574186
2018-09-25,1.747655673279569
2018-09-26,1.747298772710435
2018-09-27,1.7517069430215333
2018-09-28,1.7537855507107565
2018-10-01,1.75733747195619
2018-10-02,1.737135590543833
2018-10-03,1.7375229521879183
2018-10-04,1.7269774495994237
2018-10-05,1.7099661241180113
2018-10-08,1.715131214395444
2018-10-09,1.7293260679508793
2018-10-11,1.6757714980491767
2018-10-12,1.6961331468214613
2018-10-15,1.669221790243579
2018-10-16,1.6735397299143635
2018-10-17,1.675098197037917
2018-10-18,1.6716770448595786
2018-10-19,1.6703432106816258
2018-10-22,1.6687376670223133
2018-10-23,1.6573182214948974
2018-10-24,1.656520086251745
2018-10-25,1.6497491121576122
2018-10-26,1.6475413145140096
2018-10-29,1.6443708814785307
2018-10-30,1.6526758601187836
2018-10-31,1.6714545841511477
2018-11-01,1.6556717938734993
2018-11-02,1.6606992385009738
2018-11-05,1.663991563802713
2018-11-06,1.6649899942532842
2018-11-07,1.6788338611990252
2018-11-08,1.6839150646862404
2018-11-09,1.679533090680714
2018-11-12,1.6789255378026855
2018-11-13,1.6768730398351022
2018-11-14,1.6833265379106208
2018-11-15,1.68111822989421
2018-11-16,1.6824801100282292
2018-11-19,1.684987502356255
2018-11-20,1.6797871028942875
2018-11-21,1.6774607264828698
2018-11-22,1.676684459246086
2018-11-23,1.677748669539536
2018-11-26,1.6778721759748332
2018-11-27,1.672553140602267
2018-11-28,1.678402331056588
2018-11-29,1.6655543545580136
2018-11-30,1.6596504189782262
2018-12-03,1.6678589588616586
2018-12-04,1.6730975501305871
2018-12-05,1.6677072579562158
2018-12-06,1.6635668356782474
2018-12-07,1.6678315927295126
2018-12-10,1.6590464543432335
2018-12-11,1.6628646413084442
2018-12-12,1.6605833963224972
2018-12-13,1.6627932323556103
2018-12-14,1.659005036308222
2018-12-17,1.6619876712414763
2018-12-18,1.6514753385755623
2018-12-19,1.662251482797873
2018-12-20,1.660323460303204
2018-12-21,1.6523451477005764
2018-12-22,1.6541097882210014
2018-12-24,1.655855061461617
2018-12-25,1.6420847109894243
2018-12-26,1.6357494650671065
2018-12-27,1.6408132427831061
2018-12-28,1.6756594327661412
2019-01-02,1.6450050159135354
2019-01-03,1.6484203442572036
2019-01-04,1.6427162672832922
2019-01-07,1.6687676512907736
2019-01-08,1.6596147405004555
2019-01-09,1.6769936404215098
2019-01-10,1.6795225722743718
2019-01-11,1.6804419953510283
2019-01-14,1.6801613405595297
2019-01-15,1.6873390164841615
2019-01-16,1.677490638948526
2019-01-17,1.6838262918909386
2019-01-18,1.6927560380351983
2019-01-21,1.6906655455596817
2019-01-22,1.6976615396010402
2019-01-23,1.7005338586072276
2019-01-24,1.7032473956480567
2019-01-25,1.708838875115071
2019-01-28,1.706451576936904
2019-01-29,1.7093442883558494
2019-01-30,1.710369103473294
2019-02-11,1.706626973947988
2019-02-12,1.7120271995036338
2019-02-13,1.7048370661468881
2019-02-14,1.7030061180491871
2019-02-15,1.69914946155596
2019-02-18,1.7119245827620242
2019-02-19,1.711949693305029
2019-02-20,1.7203575254986683
2019-02-21,1.7247777213844084
2019-02-22,1.7276560232988987
2019-02-25,1.732670890665434
2019-02-26,1.7306512755284125
2019-02-27,1.744270599017495
2019-03-04,1.7371379670920601
2019-03-05,1.7356756680576326
2019-03-06,1.7413285323344567
2019-03-07,1.73575058940656
2019-03-08,1.731857809559418
2019-03-11,1.7354685084529622
2019-03-12,1.74623351794577
2019-03-13,1.7513147839222996
2019-03-14,1.7465115344038988
2019-03-15,1.7538938584276103
2019-03-18,1.7655469930648287
2019-03-19,1.7729390854726568
2019-03-20,1.7779322122308128
2019-03-21,1.7829826433378595
2019-03-22,1.7774484362501566
2019-03-25,1.7639385765681026
2019-03-26,1.7735497014636594
2019-03-27,1.7699679257646854
2019-03-28,1.7656719423482596
2019-03-29,1.7857131213301873
2019-04-01,1.7779440135175495
2019-04-02,1.77647481727276
2019-04-03,1.7763929275534014
2019-04-08,1.7810614964204687
2019-04-09,1.7860514992344307
2019-04-10,1.7879132786939862
2019-04-11,1.7838671066915095
2019-04-12,1.78734308472005
2019-04-15,1.7893871558063226
2019-04-16,1.7841648449791225
2019-04-17,1.7878427164183583
2019-04-18,1.7878996743335331
2019-04-19,1.792219334658941
2019-04-22,1.7917557629861232
2019-04-23,1.7992924350430741
2019-04-24,1.817839521718889
2019-04-25,1.8248323823050658
2019-04-26,1.8262910246110517
2019-04-29,1.8452982680441246
2019-04-30,1.8651782507605577
2019-05-02,1.8759839088093788
2019-05-03,1.8745588358662986
2019-05-06,1.8603329937799438
2019-05-07,1.8757237727077993
2019-05-08,1.8795796873785466
2019-05-09,1.8570346815203882
2019-05-10,1.8534252438583068
2019-05-13,1.8459471444825837
2019-05-14,1.8407032644167731
2019-05-15,1.846683205988941
2019-05-16,1.8376454691652642
2019-05-17,1.8459030964768544
2019-05-20,1.8625568120406621
2019-05-21,1.8876627209182772
2019-05-22,1.8772551931574875
2019-05-23,1.875241804406949
2019-05-24,1.8771159315064092
2019-05-27,1.8821868938388193
2019-05-28,1.8814040011845377
2019-05-29,1.8872249511959998
2019-05-30,1.9028926398698396
2019-05-31,1.9168576026608777
2019-06-03,1.9192344104135872
2019-06-04,1.9179671512997312
2019-06-05,1.9230563486570096
2019-06-06,1.9473201225334515
2019-06-10,1.9581795080448
2019-06-11,1.9149279268235502
2019-06-12,1.8863743174915977
2019-06-13,1.8857152043730598
2019-06-14,1.8884667559579782
2019-06-17,1.8949306551435672
2019-06-18,1.8973591992379022
2019-06-19,1.9269965395455593
2019-06-20,1.925209167296104
2019-06-21,1.9059394409519934
2019-06-24,1.9182026558945473
2019-06-25,1.9194514489651826
2019-06-26,1.9138466987585614
2019-06-27,1.9203783051751244
2019-06-28,1.9132984853017752
2019-07-01,1.9096025266330552
2019-07-02,1.9158348183422627
2019-07-03,1.916449954414331
2019-07-04,1.9220185559312064
2019-07-05,1.9266003049772755
2019-07-08,1.9262318115700068
2019-07-09,1.925312212590852
2019-07-10,1.9338610245225798
2019-07-11,1.9483607460962875
2019-07-12,1.9472011157066071
2019-07-15,1.9445649644140666
2019-07-16,1.9485361352272288
2019-07-17,1.9529148845622133
2019-07-18,1.9515501801152646
2019-07-19,1.9555964250342128
2019-07-22,1.9599076761449448
2019-07-23,1.9631747367103933
2019-07-24,1.9670461845636162
2019-07-25,1.9798254097571348
2019-07-26,1.9800641273367459
2019-07-29,1.976652834798623
2019-07-30,1.98403456069046
2019-07-31,1.9894852614001086
2019-08-01,1.9615102374531481
2019-08-02,1.9418776026167919
2019-08-05,1.937626546436674
2019-08-06,1.9307556020795866
2019-08-07,1.9284050961601698
2019-08-08,1.9368601009252138
2019-08-12,1.8949566788918437
2019-08-13,1.872905186688285
2019-08-14,1.8825862374263467
2019-08-15,1.864270618276196
2019-08-16,1.8798151776450813
2019-08-19,1.8851551343118043
2019-08-20,1.8878998665817621
2019-08-21,1.8764459195093077
2019-08-22,1.8812428649810566
2019-08-23,1.8840677270368356
2019-08-26,1.8605581107171851
2019-08-27,1.8660717323838911
2019-08-28,1.8628178941296685
2019-08-29,1.8654206807136524
2019-08-30,1.8954598517167627
2019-09-02,1.8937379067769309
2019-09-03,1.8842550359656958
2019-09-04,1.894393421830919
2019-09-05,1.9053751491486999
2019-09-06,1.918278579348362
2019-09-09,1.9365738383958362
2019-09-10,1.9597309215900087
2019-09-11,1.9637832565304385
2019-09-12,1.9615054831402965
2019-09-16,1.962130149050061
2019-09-17,1.9693740502004995
2019-09-18,1.982672953587158
2019-09-19,1.979873349659956
2019-09-20,1.981094419625304
2019-09-23,1.9774939401882639
2019-09-24,1.9722957131298997
2019-09-25,1.9629676196740384
2019-09-26,1.9622410379827875
2019-09-27,1.952915630434552
2019-10-01,1.9752791667652103
2019-10-02,1.9702542379773416
2019-10-03,1.9584126723360602
2019-10-04,1.9646331562547523
2019-10-07,1.9671566038936759
2019-10-08,1.9779442795527014
2019-10-09,1.9677028678047537
2019-10-14,1.9814013927324654
2019-10-15,1.9816664337908954
2019-10-16,1.9857416839283533
2019-10-17,1.9899013311503488
2019-10-18,1.9821463443783007
2019-10-21,1.9888419155437909
2019-10-22,1.9934733210651479
2019-10-23,1.9897234762152407
2019-10-24,2.0036392819483018
2019-10-25,2.0060620199590256
2019-10-28,2.012741639759528
2019-10-29,2.0172028454959996
2019-10-30,2.0313592797335884
2019-10-31,2.037081173488479
2019-11-01,2.041164944317514
2019-11-04,2.0603097137902764
2019-11-05,2.0717394449455937
2019-11-06,2.0861860904083276
2019-11-07,2.0792203852706335
2019-11-08,2.0766285814268346
2019-11-11,2.056616925868432
2019-11-12,2.06213376730048
2019-11-13,2.0474586308862897
2019-11-14,2.035986893806809
2019-11-15,2.0513021375317577
2019-11-18,2.0615201275288513
2019-11-19,2.0635439013913395
2019-11-20,2.062339324083407
2019-11-21,2.0433388167962936
2019-11-22,2.0482761739111974
2019-11-25,2.054936172025489
2019-11-26,2.048740123673237
2019-11-27,2.0650928995997266
2019-11-28,2.0604573191598434
2019-11-29,2.0404824936373656
2019-12-02,2.0419102184880447
2019-12-03,2.04025179164687
2019-12-04,2.0411170422505367
2019-12-05,2.0412536733166173
2019-12-06,2.034847658526194
2019-12-09,2.0454679297376273
2019-12-10,2.0392178245184303
2019-12-11,2.0436711896966977
2019-12-12,2.050899220644261
2019-12-13,2.0619912481023457
2019-12-16,2.0587344961013225
2019-12-17,2.076050554074416
2019-12-18,2.089441606685258
2019-12-19,2.0858073148025795
2019-12-20,2.0675616850506526
2019-12-23,2.083822592749911
2019-12-24,2.076947478693909
2019-12-25,2.077459152187171
2019-12-26,2.0803799871215403
2019-12-27,2.0891552834155758
2019-12-30,2.084514667593229
2019-12-31,2.0741427056793356
2020-01-02,2.0758018572353696
2020-01-03,2.083034694192391
2020-01-06,2.0679241710317267
2020-01-07,2.07112595310656
2020-01-08,2.060581647545651
2020-01-09,2.0735846254061836
2020-01-10,2.080702559139396
2020-01-13,2.1068119241959113
2020-01-14,2.1184057463412653
2020-01-15,2.1098091099717005
2020-01-16,2.1096395836756567
2020-01-17,2.1183272650730984
2020-01-20,2.1321265079245464
2020-01-30,2.0460816566831816
2020-01-31,2.0615973525534335
2020-02-03,2.04735425706903
2020-02-04,2.065081986743751
2020-02-05,2.0777893377812306
2020-02-06,2.0968936224830137
2020-02-07,2.083329063419788
2020-02-10,2.080878692289592
2020-02-11,2.084169527482294
2020-02-12,2.0868159551533116
2020-02-13,2.092801185837891
2020-02-14,2.0946985414434405
2020-02-17,2.0982019865363837
2020-02-18,2.106058457245716
2020-02-19,2.1319928973863753
2020-02-20,2.1304581560807985
2020-02-21,2.111608150008205
2020-02-24,2.0879828564024696
2020-02-25,2.0853362123614176
2020-02-26,2.071251899040436
2020-02-27,2.0693108423692355
2020-03-02,2.04186231135877
2020-03-03,2.0609851019819683
2020-03-04,2.067636843413587
2020-03-05,2.088375957454546
2020-03-06,2.0611769526408867
2020-03-09,2.0225649871704974
2020-03-10,2.0078443575412814
2020-03-11,1.9975805230188621
2020-03-12,1.9409806690312963
2020-03-13,1.8949516062715264
2020-03-16,1.8566037103080162
2020-03-17,1.8255598959050667
2020-03-18,1.8130302866220709
2020-03-19,1.7639725169895726
2020-03-20,1.81607082146648
2020-03-23,1.788621005378035
2020-03-24,1.8086049272338771
2020-03-25,1.8295244511743125
2020-03-26,1.8305017507338406
2020-03-27,1.836624050681987
2020-03-30,1.8310490492276996
2020-03-31,1.8320636932728303
2020-04-01,1.820351967430702
2020-04-06,1.830885168200419
2020-04-07,1.8361906826153918
2020-04-08,1.8435871446451926
2020-04-09,1.8438612197363542
2020-04-10,1.8584280799109023
2020-04-13,1.8404297961554368
2020-04-14,1.8545186375419769
2020-04-15,1.8687085379046295
2020-04-16,1.8555961913664056
2020-04-17,1.859767281444792
2020-04-20,1.8579588055648544
2020-04-21,1.83962414878108
2020-04-22,1.8405206065726216
2020-04-23,1.8396555529704774
2020-04-24,1.8395169855872144
2020-04-27,1.8534933738436332
2020-04-28,1.8709926865985673
2020-04-29,1.8810177003526212
2020-04-30,1.8888888891634843
2020-05-04,1.8732200596977777
2020-05-05,1.876243782070527
2020-05-06,1.8723626792246066
2020-05-07,1.8721699364394928
2020-05-08,1.878577992934427
2020-05-11,1.8889129958063342
2020-05-12,1.8815912259678929
2020-05-13,1.883433705366434
2020-05-14,1.8779807980122611
2020-05-15,1.876382093512078
2020-05-18,1.8774203133703018
2020-05-19,1.8883955931492404
2020-05-20,1.8921521910677
2020-05-21,1.893318321639895
2020-05-22,1.8806109527536952
2020-05-25,1.883246505261831
2020-05-26,1.8910650861048477
2020-05-27,1.8920046726574513
2020-05-28,1.8917087783401936
2020-05-29,1.8912723211944746
2020-06-01,1.8976209364178491
2020-06-02,1.9065980160476412
2020-06-03,1.922673983472512
2020-06-04,1.9200013452086462
2020-06-05,1.9182307970059744
2020-06-08,1.9311565697897726
2020-06-09,1.9298082364747184
2020-06-10,1.9409122808556658
2020-06-11,1.9114491089222008
2020-06-12,1.8937976778388128
2020-06-15,1.8790814588290392
2020-06-16,1.903105339627947
2020-06-17,1.910686254388246
2020-06-18,1.898091601687845
2020-06-19,1.8882504400025
2020-06-22,1.8943192599316774
2020-06-23,1.8968814280949928
2020-06-24,1.8995508245877821
2020-06-29,1.8926771019903175
2020-06-30,1.901745826156255
2020-07-01,1.9106877502832618
2020-07-02,1.9228185910281843
2020-07-03,1.9265609407986808
2020-07-06,1.9539588033826265
2020-07-07,1.9478745692986397
2020-07-08,1.950102006054089
2020-07-09,1.944731450322225
2020-07-10,1.937081886786946
2020-07-13,1.9368286733545779
2020-07-14,1.9386096870699125
2020-07-15,1.9471242135004536
2020-07-16,1.9371612611746
2020-07-17,1.9443658996991806
2020-07-20,1.9443137171909193
2020-07-21,1.958910130989876
2020-07-22,1.9647088480261223
2020-07-23,1.960047356841211
2020-07-24,1.9437992003111848
2020-07-27,1.9394388707798518
2020-07-28,1.948411735036574
2020-07-29,1.959116974189812
2020-07-30,1.9744247353717599
2020-07-31,1.9699450062502906
2020-08-03,1.9531973766584037
2020-08-04,1.959942180802468
2020-08-05,1.9713128068096473
2020-08-06,1.9915894666151042
2020-08-07,1.9884368805127082
2020-08-10,1.9878258835553932
2020-08-11,1.9766892407140342
2020-08-12,1.9710382766141805
2020-08-13,1.9906266446237162
2020-08-14,1.9768694705405356
2020-08-17,1.9812915022253657
2020-08-18,1.985018880731873
2020-08-19,1.9767936340419847
2020-08-20,1.9380779617875161
2020-08-21,1.9578283754228434
2020-08-24,1.9449455118993
2020-08-25,1.9485743029092215
2020-08-26,1.9524348789785775
2020-08-27,1.943994646681357
2020-08-28,1.946183729560987
2020-08-31,1.9186475817790063
2020-09-01,1.9187413773962492
2020-09-02,1.9104765234570227
2020-09-03,1.9106116633151666
2020-09-04,1.8927269131438635
2020-09-07,1.9062278151251861
2020-09-08,1.9145612346370415
2020-09-09,1.9057345262271945
2020-09-10,1.9111641806741324
2020-09-11,1.9127210069449452
2020-09-14,1.9155056803703645
2020-09-15,1.9200677689849102
2020-09-16,1.926588020800485
2020-09-17,1.9110400768184739
2020-09-18,1.9180729892377115
2020-09-21,1.8996322905019707
2020-09-22,1.8801807721648578
2020-09-23,1.866738679401584
2020-09-24,1.8265066142394262
2020-09-25,1.8484243709391566
2020-09-28,1.8788079969172855
2020-09-29,1.8763228719425356
2020-09-30,1.8720067061932708
2020-10-05,1.878942189504159
2020-10-06,1.8954297359718855
2020-10-07,1.8889042722330547
2020-10-08,1.8946639998627028
2020-10-12,1.8988332941253037
2020-10-13,1.8847256671007926
2020-10-14,1.8807703150401156
2020-10-15,1.8691468997408538
2020-10-16,1.8608494790202441
2020-10-19,1.8663182604638338
2020-10-20,1.8619836905126537
2020-10-21,1.8564449206650473
2020-10-22,1.8688116762162212
2020-10-23,1.8643681303627335
2020-10-26,1.872622191347403
2020-10-27,1.8675212640323815
2020-10-28,1.8643076823270885
2020-10-29,1.846279782579266
2020-10-30,1.8399574270760324
2020-11-02,1.8662609100116725
2020-11-03,1.878241670657535
2020-11-04,1.8782990097048755
2020-11-05,1.8931924820977852
2020-11-06,1.90027189025901
2020-11-09,1.9209228850905058
2020-11-10,1.9363987044002224
2020-11-11,1.9742312305214922
2020-11-12,1.9478012884843943
2020-11-13,1.9528336424765542
2020-11-16,1.9737762422717744
2020-11-17,1.976096036637166
2020-11-18,1.9873132700893457
2020-11-19,1.9817848982726107
2020-11-20,1.9709978594035642
2020-11-23,1.9774036536017436
2020-11-24,1.961113138748959
2020-11-25,1.9585668919608412
2020-11-26,1.9668454237691038
2020-11-27,1.9572114931657276
2020-11-30,1.9399016809380059
2020-12-01,1.9517708795963649
2020-12-02,1.9518559178383255
2020-12-03,1.9474288849234174
2020-12-04,1.9606733736417457
2020-12-07,1.9552813400236582
2020-12-08,1.9348611067082793
2020-12-09,1.9257752406842428
2020-12-10,1.92360396947224
2020-12-11,1.9363920373944856
2020-12-14,1.932060678226988
2020-12-15,1.9211650731510914
2020-12-16,1.9432434986140563
2020-12-17,1.9393846481753052
2020-12-18,1.9316200104606276
2020-12-21,1.9511776164791619
2020-12-22,1.936437746961117
2020-12-23,1.9313481404395019
2020-12-24,1.9349943710926982
2020-12-25,1.9434683300449864
2020-12-28,1.9515005200401927
2020-12-29,1.952396132222289
2020-12-30,1.9878612565104237
2020-12-31,1.9825911030009125
2021-01-04,1.9795021796956738
2021-01-05,1.9851230864299299
2021-01-06,1.9700189867886828
2021-01-07,1.9878296300228433
2021-01-08,2.010616307727543
2021-01-11,2.0146749602669276
2021-01-12,1.9945252521768226
2021-01-13,2.0066540455412265
2021-01-14,2.004796478698989
2021-01-15,1.9861544400673312
2021-01-18,1.9792707718092206
2021-01-19,1.985512462978373
2021-01-20,1.957891164927727
2021-01-21,1.9674405497582788
2021-01-22,1.9518119364034763
2021-01-25,1.959146281240563
2021-01-26,1.945186183797126
2021-01-27,1.9428941661466426
2021-01-28,1.9301681236747774
2021-01-29,1.9090248055735741
2021-02-01,1.9258305384641647
2021-02-02,1.937621366444226
2021-02-03,1.9468970190268045
2021-02-04,1.9439290835410412
2021-02-05,1.952502693698262
2021-02-17,1.9914038823845706
2021-02-18,1.9948863465438584
2021-02-19,1.9924456559235282
2021-02-22,1.9899415704897467
2021-02-23,2.0132434865108797
2021-02-24,2.0083118304062255
2021-02-25,2.025528523068059
2021-02-26,1.994205802899146
2021-03-02,1.9974971364123453
2021-03-03,2.014046751928849
2021-03-04,2.002253572323389
2021-03-05,1.9988011158623762
2021-03-08,1.998653333648372
2021-03-09,2.029996412957436
2021-03-10,2.032780397741367
2021-03-11,2.0375925112890134
2021-03-12,2.042063757520886
2021-03-15,2.048857793100284
2021-03-16,2.0677027406765895
2021-03-17,2.0562778266381487
2021-03-18,2.0554405212916693
2021-03-19,2.0369093392448647
2021-03-22,2.0415786821697366
2021-03-23,2.0445781224015716
2021-03-24,2.0465105378507817
2021-03-25,2.0582010594984177
2021-03-26,2.061249160926962
2021-03-29,2.073924418032006
2021-03-30,2.081839006517572
2021-03-31,2.083997612513673
2021-04-01,2.0820291742085932
2021-04-06,2.088588218906571
2021-04-07,2.0926522163292396
2021-04-08,2.0815566606023754
2021-04-09,2.074126522635725
2021-04-12,2.0768741528955372
2021-04-13,2.091934148845906
2021-04-14,2.1043556339799028
2021-04-15,2.120982053214943
2021-04-16,2.1291942282999172
2021-04-19,2.153342088055392
2021-04-20,2.1606131833583717
2021-04-21,2.1440735055528832
2021-04-22,2.1476704882977695
2021-04-23,2.142906628570121
2021-04-26,2.1716943363092844
2021-04-27,2.1440313060114993
2021-04-28,2.1361000834899304
2021-04-29,2.1299789496040518
2021-05-03,2.1006781146747313
2021-05-04,2.083992369402033
2021-05-05,2.0824366321157726
2021-05-06,2.1067453080746614
2021-05-07,2.117017205103941
2021-05-10,2.138233801031549
2021-05-11,2.0981917912272428
2021-05-12,2.021863781609177
2021-05-13,2.008462989146118
2021-05-14,2.031128643081304
2021-05-17,1.9877446210090504
2021-05-18,2.0367201697526998
2021-05-19,2.026835013661047
2021-05-20,2.0240307637434163
2021-05-21,2.0445038088848233
2021-05-24,2.034655666334514
2021-05-25,2.0442203159964913
2021-05-26,2.048809514033918
2021-05-27,2.0522430499314694
2021-05-28,2.057344376551146
2021-05-31,2.066446234337646
2021-06-01,2.0707059862108617
2021-06-02,2.0812853580453488
2021-06-03,2.078963823418716
2021-06-04,2.0736647952332437
2021-06-07,2.0675450104258353
2021-06-08,2.0756429567026786
2021-06-09,2.0660836066201695
2021-06-10,2.0753129274890836
2021-06-11,2.072053431502262
2021-06-15,2.073849530743635
2021-06-16,2.0799941008144245
2021-06-17,2.0720906725704946
2021-06-18,2.055993679942168
2021-06-21,2.0518109770954847
2021-06-22,2.057015614833383
2021-06-23,2.068671034726917
2021-06-24,2.0679791824888594
2021-06-25,2.0820910384262237
2021-06-28,2.0872278085179325
2021-06-29,2.0767057703115532
2021-06-30,2.0857673010496383
2021-07-01,2.0740944963637067
2021-07-02,2.0701470216427595
2021-07-05,2.08279298793684
2021-07-06,2.0940452073729814
2021-07-07,2.091352264215603
2021-07-08,2.0916647386866125
2021-07-09,2.0967642405162796
2021-07-12,2.1036781780854668
2021-07-13,2.1205775690556443
2021-07-14,2.119548444883435
2021-07-15,2.1216059531909717
2021-07-16,2.128860854908606
2021-07-19,2.1341742973446944
2021-07-20,2.1171687706855273
2021-07-21,2.125522702821736
2021-07-22,2.148136940980478
2021-07-23,2.1484444007897943
2021-07-26,2.1384184256007646
2021-07-27,2.1431600565047075
2021-07-28,2.1376016858018003
2021-07-29,2.147825712920139
2021-07-30,2.1348850227189393
2021-08-02,2.1515931516310545
2021-08-03,2.154625540450329
2021-08-04,2.159373842261285
2021-08-05,2.170326399301466
2021-08-06,2.1686795783037214
2021-08-09,2.171522071427922
2021-08-10,2.1632421380203226
2021-08-11,2.173435966691112
2021-08-12,2.1635388669692275
2021-08-13,2.1598400827082087
2021-08-16,2.1518962182829164
2021-08-17,2.1671599616009547
2021-08-18,2.1672545376085512
2021-08-19,2.1453551756613005
2021-08-20,2.152037688117968
2021-08-23,2.1438202917000964
2021-08-24,2.167307336702634
2021-08-25,2.172789539468528
2021-08-26,2.178623658691675
2021-08-27,2.2216169151640384
2021-08-30,2.2496538304450424
2021-08-31,2.2695715584848815
2021-09-01,2.246137563076359
2021-09-02,2.239284081267379
2021-09-03,2.2672839368902857
2021-09-06,2.2653223486756824
2021-09-07,2.2601476877280446
2021-09-08,2.2602160027197025
2021-09-09,2.2476775129728805
2021-09-10,2.2622606365070252
2021-09-13,2.2676964790340253
2021-09-14,2.2780693637332385
2021-09-15,2.2715669763381428
2021-09-16,2.287850631518809
2021-09-17,2.2780135245234687
2021-09-22,2.2490903171013126
2021-09-23,2.27616527988997
2021-09-24,2.28577561763996
2021-09-27,2.284518859557002
2021-09-28,2.2780279499698266
2021-09-29,2.2650470808445844
2021-09-30,2.268131483673497
2021-10-01,2.253821640535677
2021-10-04,2.2522440955351613
2021-10-05,2.2429563195179507
2021-10-06,2.252356052452235
2021-10-07,2.2636337683946213
2021-10-08,2.250651249051726
2021-10-12,2.250770450227518
2021-10-13,2.2504190830119635
2021-10-14,2.24156274515096
2021-10-15,2.256707260042456
2021-10-18,2.2676326593539176
2021-10-19,2.2639284441451166
2021-10-20,2.2708119147099395
2021-10-21,2.2698864882360943
2021-10-22,2.2697081075026837
2021-10-25,2.2726092973592915
2021-10-26,2.2874514377546786
2021-10-27,2.2770432970803167
2021-10-28,2.2796277984571898
2021-10-29,2.2761474614426955
2021-11-01,2.2755107072604677
2021-11-02,2.282119879603239
2021-11-03,2.280526112943361
2021-11-04,2.275374250447734
2021-11-05,2.2840332604258275
2021-11-08,2.2871732066504586
2021-11-09,2.2935996849098785
2021-11-10,2.3078908126242474
2021-11-11,2.2994352398079485
2021-11-12,2.3200255889109354
2021-11-15,2.33299879753984
2021-11-16,2.3419185794320687
2021-11-17,2.3556130527709946
2021-11-18,2.3719205086886466
2021-11-19,2.350267997616045
2021-11-22,2.339010712159229
2021-11-23,2.327354799149905
2021-11-24,2.334640455991555
2021-11-25,2.341189433764911
2021-11-26,2.307676799333345
2021-11-29,2.298491090746719
2021-11-30,2.284171038487806
2021-12-01,2.31794230946388
2021-12-02,2.320191059366568
2021-12-03,2.322159180734657
2021-12-06,2.3352199868994736
2021-12-07,2.3510733272349196
2021-12-08,2.359691852079501
2021-12-09,2.3681146784928764
2021-12-10,2.373195501688808
2021-12-13,2.3730990297115206
2021-12-14,2.361835254649604
2021-12-15,2.3501299751931954
2021-12-16,2.3587729709042073
2021-12-17,2.378211275060623
2021-12-20,2.3630238221078814
2021-12-21,2.369833800004531
2021-12-22,2.3653881707002022
2021-12-23,2.371066851231594
2021-12-24,2.372185606873256
2021-12-27,2.375738982555519
2021-12-28,2.3909128106400552
2021-12-29,2.4010081047022394
2021-12-30,2.396078038810827
2022-01-03,2.3829607981247705
2022-01-04,2.393617975619187
2022-01-05,2.400950291779254
2022-01-06,2.412628812701722
2022-01-07,2.433976662587403
2022-01-10,2.4615771242195987
2022-01-11,2.4906092975891734
2022-01-12,2.503364462597279
2022-01-13,2.534133952658994
2022-01-14,2.5193016564385147
2022-01-17,2.5116290276587425
2022-01-18,2.517876115265719
2022-01-19,2.5021331010014616
2022-01-20,2.4975531377480245
2022-01-21,2.4662920670967203
2022-01-24,2.4624463523678664
2022-01-25,2.448719132038276
2022-01-26,2.459459858811457
2022-02-07,2.5067107136739817
2022-02-08,2.5620584259633
2022-02-09,2.580761523283008
2022-02-10,2.5892431210478914
2022-02-11,2.589851392238442
2022-02-14,2.5592870573592164
2022-02-15,2.5483280752315314
2022-02-16,2.561156728191613
2022-02-17,2.573829096295262
2022-02-18,2.5575678555067287
2022-02-21,2.557468380142563
2022-02-22,2.5359744429711455
2022-02-23,2.545641487449616
2022-02-24,2.5074106356510817
2022-02-25,2.494008753697929
2022-03-01,2.5364566041019945
2022-03-02,2.554673486287247
2022-03-03,2.547497485491263
2022-03-04,2.539979205601749
2022-03-07,2.486887808223103
2022-03-08,2.468822911308427
2022-03-09,2.468755060628846
2022-03-10,2.5194340803128075
2022-03-11,2.509149268580226
2022-03-14,2.524035309462934
2022-03-15,2.531196638597277
2022-03-16,2.5718440730980894
2022-03-17,2.586831845106489
2022-03-18,2.601613858034293
2022-03-21,2.601768255948584
2022-03-22,2.6124651485508763
2022-03-23,2.6517745166396742
2022-03-24,2.6553105500019627
2022-03-25,2.648053142283493
2022-03-28,2.6470557593069817
2022-03-29,2.629352548399692
2022-03-30,2.6637674774530153
2022-03-31,2.7039077956624196
2022-04-01,2.710411041678033
2022-04-06,2.7846569361994855
2022-04-07,2.741416776771554
2022-04-08,2.7813095755407398
2022-04-11,2.7878942673783182
2022-04-12,2.7733790746632887
2022-04-13,2.7890726083430155
2022-04-14,2.7231441725618963
2022-04-15,2.709984203910225
2022-04-18,2.6584992723209764
2022-04-19,2.654158105508658
2022-04-20,2.6879870822748404
2022-04-21,2.647190678953984
2022-04-22,2.671955062318373
2022-04-25,2.6404330563788316
2022-04-26,2.695397780027371
2022-04-27,2.6666389052588415
2022-04-28,2.665057979734121
2022-04-29,2.6850462584108943
2022-05-03,2.64198546936609
2022-05-04,2.6217763419369096
2022-05-05,2.607024080461524
2022-05-06,2.596325105933772
2022-05-09,2.538531638680762
2022-05-10,2.5559977816559476
2022-05-11,2.5605008868499177
2022-05-12,2.5062459282333918
2022-05-13,2.514161551177955
2022-05-16,2.514976705236854
2022-05-17,2.513281060756676
2022-05-18,2.5861821333779758
2022-05-19,2.5465655855699874
2022-05-20,2.5705107427336764
2022-05-23,2.570725839328101
2022-05-24,2.5734344798311204
2022-05-25,2.595455687716642
2022-05-26,2.599657282863116
2022-05-27,2.619068697080681
2022-05-30,2.648776060438674
2022-05-31,2.6424024964711266
2022-06-01,2.6108860458631544
2022-06-02,2.607028075512345
2022-06-06,2.612477815573891
2022-06-07,2.596268596685655
2022-06-08,2.6111777224275543
2022-06-09,2.6033403939826893
2022-06-10,2.581880795089357
2022-06-13,2.5520113821686516
2022-06-14,2.570624661518134
2022-06-15,2.5641933227878786
2022-06-16,2.5486546114387307
2022-06-17,2.5269474626734634
2022-06-20,2.4975601978963895
2022-06-21,2.5639413799351356
2022-06-22,2.5466692871616097
2022-06-23,2.558459818440207
2022-06-24,2.5877482840311954
2022-06-27,2.5811936481831794
2022-06-28,2.5893699492285003
2022-06-29,2.5783383419908685
2022-06-30,2.5310875382830984
2022-07-01,2.5290844757788737
2022-07-04,2.547067899319515
2022-07-05,2.5598791413181234
2022-07-06,2.526530357699945
2022-07-07,2.522639060504765
2022-07-08,2.5098740751252513
2022-07-11,2.4813504287627577
2022-07-12,2.44103689807131
2022-07-13,2.496046586015619
2022-07-14,2.4844849972541
2022-07-15,2.4511058700368524
2022-07-18,2.4619224699429636
2022-07-19,2.4453594860644747
2022-07-20,2.434468923144507
2022-07-21,2.4615166092920524
2022-07-22,2.4651619929703856
2022-07-25,2.4747981126639638
2022-07-26,2.475130299042578
2022-07-27,2.513543455410177
2022-07-28,2.5263228047381823
2022-07-29,2.52746532822073
2022-08-01,2.536368852939632
2022-08-02,2.531138905008626
2022-08-03,2.5223620312953057
2022-08-04,2.5191951940660413
2022-08-05,2.5430857957550552
2022-08-08,2.559657284394731
2022-08-09,2.586394836632066
2022-08-10,2.6153535120419638
2022-08-11,2.6665269405332843
2022-08-12,2.67394817670819
2022-08-15,2.671441575574837
2022-08-16,2.6607478323553195
2022-08-17,2.6642931534670127
2022-08-18,2.6546911336273604
2022-08-19,2.640139282371937
2022-08-22,2.637848820499339
2022-08-23,2.6077288514868
2022-08-24,2.606499238973399
2022-08-25,2.6278469299868483
2022-08-26,2.6339425952902658
2022-08-29,2.616335109843557
2022-08-30,2.6184231206121162
2022-08-31,2.6310981774809976
2022-09-01,2.59445445213828
2022-09-02,2.585303614985152
2022-09-05,2.6043801892735226
2022-09-06,2.6197384851092824
2022-09-07,2.5859448073772695
2022-09-08,2.6059788130802244
2022-09-12,2.6240994056870957
2022-09-13,2.617838734987926
2022-09-14,2.5868461617088157
2022-09-15,2.5963743050032244
2022-09-16,2.6096785776135514
2022-09-19,2.5883475091811476
2022-09-20,2.5905211730204933
2022-09-21,2.586517355895098
2022-09-22,2.552181014920753
2022-09-23,2.5524072914862055
2022-09-26,2.536307378564305
2022-09-27,2.5310448444002573
2022-09-28,2.525572062982615
2022-09-29,2.524375719843506
2022-09-30,2.493320426644412
2022-10-03,2.4599490618165203
2022-10-04,2.4721716937726343
2022-10-05,2.461687710570041
2022-10-06,2.473690985000089
2022-10-07,2.448131624343478
2022-10-11,2.4064024148103633
2022-10-12,2.419582212429768
2022-10-13,2.365387025784762
2022-10-14,2.355102673189802
2022-10-17,2.333258089564965
2022-10-18,2.3412125202410135
2022-10-19,2.313510675694552
2022-10-20,2.322384313429387
2022-10-21,2.3522247579447804
2022-10-24,2.3527593376322393
2022-10-25,2.3900509925019566
2022-10-26,2.3932837232965016
2022-10-27,2.3859961386925836
2022-10-28,2.379824782620023
2022-10-31,2.389816970017703
2022-11-01,2.402830298177187
2022-11-02,2.3762878631139817
2022-11-03,2.355818290196428
2022-11-04,2.3916036461210086
2022-11-07,2.3927256166719175
2022-11-08,2.4111347029374457
2022-11-09,2.428174048264099
2022-11-10,2.405788887084386
2022-11-11,2.46116880088745
2022-11-14,2.462565084241583
2022-11-15,2.4643857677379892
2022-11-16,2.435360945562423
2022-11-17,2.422993075918668
2022-11-18,2.4121786887471934
2022-11-21,2.4133706762003206
2022-11-22,2.4225872950265614
2022-11-23,2.4307377365425893
2022-11-24,2.462936536186712
2022-11-25,2.4688124014905446
2022-11-28,2.442971262773303
2022-11-29,2.473998952947899
2022-11-30,2.5071227743038773
2022-12-01,2.500457917797322
2022-12-02,2.4766566837078954
2022-12-05,2.4696159244517975
2022-12-06,2.4505095747923784
2022-12-07,2.486356368703109
2022-12-08,2.4795870886233895
2022-12-09,2.4902821129572037
2022-12-12,2.495992749627665
2022-12-13,2.4635827604201728
2022-12-14,2.492873252254382
2022-12-15,2.4909862289298084
2022-12-16,2.47408761448761
2022-12-19,2.484543469133046
2022-12-20,2.4770641665955013
2022-12-21,2.473082667501696
2022-12-22,2.4890269661972795
2022-12-23,2.469518924706523
2022-12-26,2.479892313042766
2022-12-27,2.485610996824842
2022-12-28,2.468795367287946
2022-12-29,2.4554419357079103
2022-12-30,2.468905425191571
2023-01-03,2.483184075654359
2023-01-04,2.483313451920767
2023-01-05,2.4923487083120324
2023-01-06,2.5015257194844875
2023-01-09,2.5567759747483425
2023-01-10,2.5631898435507097
2023-01-11,2.5286142925898054
2023-01-12,2.5031914773726527
2023-01-13,2.5065578867770246
2023-01-16,2.5385827226534903
2023-01-17,2.521721231470894
2023-01-30,2.564290983966064
2023-01-31,2.50266891216129
2023-02-01,2.5176161132779877
2023-02-02,2.5154445464984794
2023-02-03,2.5154963416649423
2023-02-06,2.4990812298870537
2023-02-07,2.502733550887124
2023-02-08,2.504487942674556
2023-02-09,2.5026515532440214
2023-02-10,2.5164187159947327
2023-02-13,2.5302025223504643
2023-02-14,2.5479878469440282
2023-02-15,2.521884995346516
2023-02-16,2.5306204280313036
2023-02-17,2.531918227031175
2023-02-20,2.548418916488018
2023-02-21,2.5349074320220266
2023-02-22,2.543600351735776
2023-02-23,2.5491003878254364
2023-02-24,2.5352118567618755
2023-03-01,2.5331356335986572
2023-03-02,2.526434402813315
2023-03-03,2.5293084334898546
2023-03-06,2.5446426749696087
2023-03-07,2.559498513784306
2023-03-08,2.5528378496574766
2023-03-09,2.5408301435702323
2023-03-10,2.516628802379085
2023-03-13,2.5131183459900712
2023-03-14,2.4798079453306436
2023-03-15,2.4696500229405767
2023-03-16,2.4416676493044958
2023-03-17,2.449676330750253
2023-03-20,2.440706689678813
2023-03-21,2.460872066889486
2023-03-22,2.4943353728792697
2023-03-23,2.5045678351693863
2023-03-24,2.5070523599150754
2023-03-27,2.5065295137568264
2023-03-28,2.50288606363485
2023-03-29,2.5150555067942437
2023-03-30,2.5089969544040867
2023-03-31,2.5208241530961932
2023-04-06,2.532942093590916
2023-04-07,2.527972167477917
2023-04-10,2.5386622529387255
2023-04-11,2.551899010402386
2023-04-12,2.546129599267045
2023-04-13,2.5567674009035204
2023-04-14,2.569925519352378
2023-04-17,2.5646562878150108
2023-04-18,2.574788237053509
2023-04-19,2.5726041547448704
2023-04-20,2.566871151724454
2023-04-21,2.573449177702598
2023-04-24,2.577603933671919
2023-04-25,2.5700559235870686
2023-04-26,2.5839971729805624
2023-04-27,2.5712502527087437
2023-04-28,2.5240813413491447
2023-05-02,2.5239001399143537
2023-05-03,2.5178429921491516
2023-05-04,2.530194312872769
2023-05-05,2.53350319873369
2023-05-08,2.538061820562353
2023-05-09,2.545371442374082
2023-05-10,2.556023008272176
2023-05-11,2.549668892826945
2023-05-12,2.5256426984901275
2023-05-15,2.5344931296883058
2023-05-16,2.555760529299029
2023-05-17,2.585263120643711
2023-05-18,2.6037311492563897
2023-05-19,2.6193720683008173
2023-05-22,2.61111002136521
2023-05-23,2.614203905236757
2023-05-24,2.6018501377378107
2023-05-26,2.5875357160903314
2023-05-29,2.587238818982524
2023-05-30,2.590670532148972
2023-05-31,2.585076911404068
2023-06-01,2.5743971319668506
2023-06-02,2.5870322468110682
2023-06-05,2.601070772163215
2023-06-06,2.5969119291715073
2023-06-07,2.609734770385866
2023-06-08,2.6085718833369795
2023-06-09,2.6089607596632587
2023-06-12,2.612571261959396
2023-06-13,2.629143407829279
2023-06-14,2.6252130877444118
2023-06-15,2.62015495269919
2023-06-16,2.598514345260809
2023-06-19,2.611863348380976
2023-06-20,2.610226403067109
2023-06-21,2.6212829572549743
2023-06-26,2.6091411902462993
2023-06-27,2.598924859696281
2023-06-28,2.600105698626357
2023-06-29,2.6085295454450925
2023-06-30,2.605730843758203
2023-07-03,2.603441796261211
2023-07-04,2.605081187934214
2023-07-05,2.5977818987925043
2023-07-06,2.5519920573839916
2023-07-07,2.534555688636079
2023-07-10,2.5293301291547645
2023-07-11,2.574541849802555
2023-07-12,2.586123931363929
2023-07-13,2.5879760539464676
2023-07-14,2.6179028774738295
2023-07-17,2.6278987754684797
2023-07-18,2.6279376145523408
2023-07-19,2.6151365608683212
2023-07-20,2.6342475760908033
2023-07-21,2.618775584620677
2023-07-24,2.6011778587690597
2023-07-25,2.623045791877556
2023-07-26,2.6397676456547656
2023-07-27,2.653482075076042
2023-07-28,2.64782257559018
2023-07-31,2.6541718590929664
2023-08-01,2.6812698511470745
2023-08-02,2.6357462873253668
2023-08-04,2.6396518768796753
2023-08-07,2.6487331542779735
2023-08-08,2.6324305226771347
2023-08-09,2.6525900280505033
2023-08-10,2.6490985123889743
2023-08-11,2.637876527702963
2023-08-14,2.6105242885408697
2023-08-15,2.5850846947193737
2023-08-16,2.5501618922530613
2023-08-17,2.5373979478008373
2023-08-18,2.536226812592976
2023-08-21,2.539836358226386
2023-08-22,2.5381161559496555
2023-08-23,2.5335308495481064
2023-08-24,2.5417988474056132
2023-08-25,2.5238019395587012
2023-08-28,2.5430326347169676
2023-08-29,2.543336300219763
2023-08-30,2.5518378123509655
2023-08-31,2.5146800530411517
2023-09-01,2.5250577389042994
2023-09-04,2.538300291962966
2023-09-05,2.531278214025423
2023-09-06,2.5127023568408617
2023-09-07,2.5144618091874373
2023-09-08,2.519808620546448
2023-09-11,2.533577776615174
2023-09-12,2.5519425404633616
2023-09-13,2.5524490329714125
2023-09-14,2.5911193621835547
2023-09-15,2.577980094345869
2023-09-18,2.5758329698969407
2023-09-19,2.568377250724349
2023-09-20,2.5690903000765264
2023-09-21,2.533412410722313
2023-09-22,2.5463859489007477
2023-09-25,2.5560810406042167
2023-09-26,2.5340642141663428
2023-09-27,2.528394690632641
2023-09-28,2.529312085704561
2023-10-02,2.532701680534542
2023-10-03,2.5234805671094587
2023-10-04,2.488302390074435
2023-10-05,2.507365364674185
2023-10-06,2.5297461352168438
2023-10-11,2.580249136144541
2023-10-12,2.6015560568324747
2023-10-13,2.5740268328229847
2023-10-16,2.582884233881941
2023-10-17,2.577318135051662
2023-10-18,2.5673657111040655
2023-10-19,2.553201404732975
2023-10-20,2.5231194326409923
2023-10-23,2.5143324644914764
2023-10-24,2.510431572783124
2023-10-25,2.5054923846114496
2023-10-26,2.4855274849244373
2023-10-27,2.50789428288213
2023-10-30,2.491829454433675
2023-10-31,2.4956566064250665
2023-11-01,2.508107981395566
2023-11-02,2.538523006975432
2023-11-03,2.5610021662200264
2023-11-06,2.574738889871314
2023-11-07,2.572246020349477
2023-11-08,2.5728143801302323
2023-11-09,2.5644711150349195
2023-11-10,2.569277910880251
2023-11-13,2.573925029420281
2023-11-14,2.5786286265657243
2023-11-15,2.6178160090211384
2023-11-16,2.6257970910779025
2023-11-17,2.6325508864366953
2023-11-20,2.633075205592205
2023-11-21,2.6636322553801173
2023-11-22,2.6560929011702847
2023-11-23,2.6543437170060864
2023-11-24,2.658836672898343
2023-11-27,2.653656847651406
2023-11-28,2.6742283865088274
2023-11-29,2.664612126954185
2023-11-30,2.683464811872413
2023-12-01,2.6516797005309853
2023-12-04,2.653757050309371
2023-12-05,2.6588196521584546
2023-12-06,2.678451646380975
2023-12-07,2.6579186861407127
2023-12-08,2.668944062798176
2023-12-11,2.669019236080764
2023-12-12,2.67396159221563
2023-12-13,2.6669894315944354
2023-12-14,2.6925814447965237
2023-12-15,2.676561776750554
2023-12-18,2.6807275219131568
2023-12-19,2.6678513559439683
2023-12-20,2.641881871174594
2023-12-21,2.628496098093672
2023-12-22,2.6321871845563782
2023-12-25,2.6436264525191193
2023-12-26,2.6643808594421188
2023-12-27,2.6770046603437065
2023-12-28,2.6916270060182548
2023-12-29,2.687042519791549
2024-01-02,2.685771840978027
2024-01-03,2.6457838455183103
2024-01-04,2.645612216821097
2024-01-05,2.650521364308772
2024-01-08,2.6710753658231874
2024-01-09,2.653690612978153
2024-01-10,2.648970741392058
2024-01-11,2.6604608047519354
2024-01-12,2.6496393149706585
2024-01-15,2.6391572754661214
2024-01-16,2.6015574849120546
2024-01-17,2.5543646601818506
2024-01-18,2.566205506624827
2024-01-19,2.5887561404445854
2024-01-22,2.59625180992037
2024-01-23,2.601889310747771
2024-01-24,2.6064978928677416
2024-01-25,2.6109059139968935
2024-01-26,2.6339188688427595
2024-01-29,2.6429343201949753
2024-01-30,2.618013973005869
2024-01-31,2.616500453983536
2024-02-01,2.639306947515261
2024-02-02,2.645883352276035
2024-02-05,2.6354283210619065
2024-02-15,2.6533899404646397
2024-02-16,2.6536625122832267
2024-02-19,2.6713389923187547
2024-02-20,2.6746547686531676
2024-02-21,2.6660836593805084
2024-02-22,2.666202627037991
2024-02-23,2.668121735887828
2024-02-26,2.6554903882176695
2024-02-27,2.668467945689191
2024-02-29,2.684513742103589
2024-03-01,2.6720297868181304
2024-03-04,2.679964921587917
2024-03-05,2.681813209602358
2024-03-06,2.6967521219508597
2024-03-07,2.7066171170816955
2024-03-08,2.729329131359958
2024-03-11,2.7250493402547478
2024-03-12,2.734341597690329
2024-03-13,2.749115642058285
2024-03-14,2.8006753911615285
2024-03-15,2.8078144369410474
2024-03-18,2.8042245546486297
2024-03-19,2.7879055488931064
2024-03-20,2.7677313493124927
2024-03-21,2.8170835185449343
2024-03-22,2.808494630257312
2024-03-25,2.8064149388445845
2024-03-26,2.8251708933292154
2024-03-27,2.8227866749945942
2024-03-28,2.8085009827369243
2024-03-29,2.832514891593059
2024-04-01,2.836793033004991
2024-04-02,2.838675023394386
2024-04-03,2.799325509237208
2024-04-08,2.8255167887907335
2024-04-09,2.8465427238745216
2024-04-10,2.8440751298432185
2024-04-11,2.8419743808441016
2024-04-12,2.823522298573963
2024-04-15,2.8120553269432818
2024-04-16,2.7505878403250748
2024-04-17,2.757195187035108
2024-04-18,2.777403877822499
2024-04-19,2.7175628299606607
2024-04-22,2.7690151328142
2024-04-23,2.791498743345463
2024-04-24,2.785514528273405
2024-04-25,2.748228756107835
2024-04-26,2.7583975552171913
2024-04-29,2.839127891637451
2024-04-30,2.8510389391557216
2024-05-02,2.882327133961093
2024-05-03,2.8892145703553465
2024-05-06,2.992966732671837
2024-05-07,2.998477752159601
2024-05-08,3.0047698491397923
2024-05-09,2.9680830824699402
2024-05-10,3.0480677548507877
2024-05-13,3.048640769456204
2024-05-14,3.030030709372024
2024-05-15,3.0364875882928564
2024-05-16,3.0385687285640586
2024-05-17,3.0391067979070296
2024-05-20,3.0411484265648543
2024-05-21,3.0093166094541144
2024-05-22,3.0199292115558762
2024-05-23,3.0141427082112586
2024-05-24,2.997527439540764
2024-05-27,3.008947900961079
2024-05-28,3.0050557665580597
2024-05-29,2.9543099388995215
2024-05-30,2.92437994398708
2024-05-31,2.9413464808314536
2024-06-03,2.9335729647268787
2024-06-04,2.90397217799004
2024-06-05,2.9245996306044186
2024-06-06,2.9559376366911407
2024-06-07,2.9773069067977724
2024-06-11,2.970131326317627
2024-06-12,2.9750303797091493
2024-06-13,2.9982405062569923
2024-06-14,3.0248414935285526
2024-06-17,3.0338511840001137
2024-06-18,3.070259942801273
2024-06-19,3.100754355722554
2024-06-20,3.1080221852494003
2024-06-21,3.109598899627133
2024-06-24,3.1176842506285367
2024-06-25,3.1014477596703074
2024-06-26,3.0914250178338047
2024-06-27,3.0950542228123745
2024-06-28,3.1066682988135232
2024-07-01,3.1247946729276443
2024-07-02,3.110983845416841
2024-07-03,3.1744000814604214
2024-07-04,3.188852921058211
2024-07-05,3.187512660849816
2024-07-08,3.2311526873714715
2024-07-09,3.2053712357850914
2024-07-10,3.20406220876655
2024-07-11,3.240097699164426
2024-07-12,3.2278912867629868
2024-07-15,3.239342216307067
2024-07-16,3.2280422426362327
2024-07-17,3.2087183817337226
2024-07-18,3.237798147331742
2024-07-19,3.206467148863797
2024-07-22,3.1847886804979737
2024-07-23,3.2369708936377637
2024-07-26,3.193041817174569
2024-07-29,3.234382428856985
2024-07-30,3.2017347953191417
2024-07-31,3.2314875002174115
2024-08-01,3.281730900224456
2024-08-02,3.242495769917072
2024-08-05,3.074499869132981
2024-08-06,3.132735028340299
2024-08-07,3.1415311908825414
2024-08-08,3.109922057528924
2024-08-09,3.1553505186606734
2024-08-12,3.1706183498349354
2024-08-13,3.1074873190108643
2024-08-14,3.1330767438925786
2024-08-15,3.112497172632987
2024-08-16,3.151302738744759
2024-08-19,3.154187955509351
2024-08-20,3.178582661515056
2024-08-21,3.1729589473297284
2024-08-22,3.187710295196364
2024-08-23,3.178655807921515
2024-08-26,3.186614222814593
2024-08-27,3.180856312270168
2024-08-28,3.17015609290132
2024-08-29,3.147075871417694
2024-08-30,3.167097683859289
2024-09-02,3.1685438966438495
2024-09-03,3.1608041062657053
2024-09-04,3.100088420353221
2024-09-05,3.14176168943795
2024-09-06,3.16868392384965
2024-09-09,3.1529594404150294
2024-09-10,3.1686764305285644
2024-09-11,3.1541793282811685
2024-09-12,3.180369713463371
2024-09-13,3.180957633145318
2024-09-16,3.1816413814624975
2024-09-18,3.178854131503047
2024-09-19,3.199438915370492
2024-09-20,3.20767044888549
2024-09-23,3.230018238153586
2024-09-24,3.234312422889993
2024-09-25,3.233543632506042
2024-09-26,3.238408700784058
2024-09-27,3.212976327640011
2024-09-30,3.193875312733899
2024-10-01,3.189501685464016
2024-10-04,3.1652539418286496
2024-10-07,3.1826162263418203
2024-10-08,3.145838676611958
2024-10-09,3.142021092076406
2024-10-11,3.1493491188626326
2024-10-14,3.172384032713001
2024-10-15,3.2165994523164096
2024-10-16,3.170720081137913
2024-10-17,3.186004536112159
2024-10-18,3.228348885422084
2024-10-21,3.1961360786928195
2024-10-22,3.2171872553599066
2024-10-23,3.1710158794926637
2024-10-24,3.1725820853044886
2024-10-25,3.166752024826646
2024-10-28,3.1788893910902503
2024-10-29,3.1517672273154855
2024-10-30,3.161889719568184
2024-11-01,3.1271593913204225
2024-11-04,3.1582653256787356
2024-11-05,3.1683959898180682
2024-11-06,3.1555171711688876
2024-11-07,3.1612314680860822
2024-11-08,3.177945909613029
2024-11-11,3.176013007158291
2024-11-12,3.151729884334036
2024-11-13,3.1607406814546324
2024-11-14,3.133929097959782
2024-11-15,3.1462888338546176
2024-11-18,3.150931137235441
2024-11-19,3.181415826278118
2024-11-20,3.158153701676022
2024-11-21,3.1745917189868624
2024-11-22,3.1797609223961723
2024-11-25,3.191176316397534
2024-11-26,3.185632046115478
2024-11-27,3.2228152740679357
2024-11-28,3.2147806240655434
2024-11-29,3.203915913673392
2024-12-02,3.2360275922341595
2024-12-03,3.294791064380535
2024-12-04,3.298904344644144
2024-12-05,3.303003601056078
2024-12-06,3.3074547258807443
2024-12-09,3.3368848805169358
2024-12-10,3.309535328415507
2024-12-11,3.2831317492989527
2024-12-12,3.300456320612778
2024-12-13,3.288475387084139
2024-12-16,3.2849251933970876
2024-12-17,3.2531732672108364
2024-12-18,3.220407563943088
2024-12-19,3.175344835093209
2024-12-20,3.1573186027028886
2024-12-23,3.2357224475627735
2024-12-24,3.243144578557528
2024-12-25,3.21108019558061
2024-12-26,3.231632672850573
2024-12-27,3.2267914340678208
2024-12-30,3.2433321273834697
2024-12-31,3.2078819220539576
2025-01-02,3.213434059645891
2025-01-03,3.2151653779269624
2025-01-06,3.284129773671324
2025-01-07,3.2652722198358313
2025-01-08,3.2697446777564987
2025-01-09,3.2827572959091915
2025-01-10,3.2654837590481725
2025-01-13,3.2475339450609217
2025-01-14,3.3014319200848643
2025-01-15,3.298070267899526
2025-01-16,3.3190535644574126
2025-01-17,3.3070268224593975
2025-01-20,3.297031298761019
2025-01-21,3.331996502279228
2025-01-22,3.356831182193147
2025-02-03,3.3562153750284494
2025-02-04,3.3303971011906435
2025-02-05,3.341394896135421
2025-02-07,3.345772305558825
2025-02-10,3.34232660592833
2025-02-11,3.3196747957357324
2025-02-12,3.3350672102773395
2025-02-13,3.3446451663679135
2025-02-14,3.324179869629259
2025-02-17,3.3466156466110477
2025-02-18,3.3583554111036746
2025-02-19,3.353776497061083
2025-02-20,3.350297706099865
2025-02-21,3.3565608242036347
2025-02-24,3.3314845979877843
2025-02-25,3.320077621021471
2025-02-26,3.35450279693708
2025-02-27,3.348939045533259
2025-03-03,3.363168275096133
2025-03-04,3.3220377587143717
2025-03-05,3.3223230428766133
2025-03-06,3.3284486138166725
2025-03-07,3.3169744291334307
2025-03-10,3.3157918229175833
2025-03-11,3.287333056264952
2025-03-12,3.312665764433817
2025-03-13,3.312541317817684
2025-03-14,3.3349739578116915
2025-03-17,3.3248438638025846
2025-03-18,3.347144576296659
2025-03-19,3.350450226625162
2025-03-20,3.364028914597462
2025-03-21,3.365042353256488
2025-03-24,3.3610998913573953
2025-03-25,3.3635557176220323
2025-03-26,3.368686394739541
2025-03-27,3.383783095391116
2025-03-28,3.3669648225986997
2025-03-31,3.329376715791309
2025-04-01,3.336051810504679
2025-04-02,3.346292015953983
2025-04-07,3.0704480797964875
2025-04-08,3.144772187968803
2025-04-09,3.0777185134325746
2025-04-10,3.2188789616766806
2025-04-11,3.215036286879911
2025-04-14,3.1895536145871493
2025-04-15,3.2054065259904547
2025-04-16,3.20577594755542
2025-04-17,3.194556787340292
2025-04-18,3.1861371681448434
2025-04-21,3.202339514268797
2025-04-22,3.1980059639673906
2025-04-23,3.1975370729717354
2025-04-24,3.1657120791704267
2025-04-25,3.1611400890641432
2025-04-28,3.164908907186539
2025-04-29,3.194835117369529
2025-04-30,3.212700987233232
2025-05-02,3.200079643677849
2025-05-05,3.2274163291565445
2025-05-06,3.2900087718931514
2025-05-07,3.277116999513689
2025-05-08,3.2736645459989573
2025-05-09,3.2967078766873055
2025-05-12,3.3081012938334124
2025-05-13,3.2879719989787812
2025-05-14,3.2938143135960956
2025-05-15,3.3032790952805606
2025-05-16,3.315514554706412
2025-05-19,3.315868140800759
2025-05-20,3.3112391059963913
2025-05-21,3.3303190085155707
2025-05-22,3.2813993113624735
2025-05-23,3.2926045457089783
2025-05-26,3.2925993208529847
2025-05-27,3.2575420946492537
2025-05-28,3.2528244120421235
2025-05-29,3.19243727104107
2025-06-02,3.1768633009180878
2025-06-03,3.1770759986113766
2025-06-04,3.205395660422119
2025-06-05,3.1971208484619855
2025-06-06,3.208882747839385
2025-06-09,3.2176806021859425
2025-06-10,3.243858739800024
2025-06-18,3.1358553054331897
2025-06-19,3.1187007653763783
2025-06-20,3.103753274924187
2025-06-23,3.086997836588363
2025-06-24,3.1077183986293337
2025-06-25,3.161297467555467
2025-06-26,3.1705116046735715
2025-06-27,3.194639105180706
2025-06-30,3.1698022433527817
2025-07-01,3.2040814517511844
2025-07-02,3.2154782559377226
2025-07-03,3.2277124968257414
2025-07-04,3.230517920890999
2025-07-07,3.268177437791754
2025-07-08,3.263227600382879
2025-07-09,3.2339306824596656
2025-07-10,3.268300205574603
2025-07-11,3.27384276884691
2025-07-14,3.2998959426209677
2025-07-15,3.2828120601526685
2025-07-16,3.2973813205160285
2025-07-17,3.3321030808237055
2025-07-18,3.327403196420108
2025-07-21,3.3251864449864996
2025-07-22,3.3307551574661027
2025-07-23,3.337159205824225
2025-07-24,3.3322912671889764
2025-07-25,3.318877008639455
2025-07-28,3.305768251087654
2025-07-29,3.2989864648836003
2025-07-30,3.32167230904094
2025-07-31,3.3230085317194558
2025-08-01,3.3363323801631957
2025-08-04,3.393452475103315
2025-08-05,3.3948531978599092
2025-08-06,3.415559227043433
2025-08-07,3.3907197394310282
2025-08-08,3.406182172457316
2025-08-11,3.3874089934629565
2025-08-12,3.399961581032396
2025-08-13,3.4044061701727966
2025-08-14,3.437756392306886
2025-08-15,3.4087753563313923
2025-08-18,3.446894269028405
2025-08-19,3.439312359874867
2025-08-20,3.42135446407886
2025-08-21,3.42306916892183
2025-08-22,3.3993244481798612
2025-08-25,3.4148742224683897
2025-08-26,3.3594885995192367
2025-08-27,3.38259083960738
2025-08-28,3.375425212616822
2025-08-29,3.3793487926386905
2025-09-01,3.4232844335724466
2025-09-02,3.4742648569089822
2025-09-03,3.488888862086643
2025-09-04,3.4890131748686937
2025-09-05,3.4968554715510036
2025-09-08,3.4943435615255596
2025-09-09,3.527544455424243
2025-09-10,3.5580734368762985
2025-09-11,3.5501803377954477
2025-09-12,3.558138477294098
2025-09-15,3.5350992002990975
2025-09-16,3.5410841881014017
2025-09-17,3.5330034185504986
2025-09-18,3.5632515904471123
2025-09-19,3.5453068417578986
2025-09-22,3.547084788602416
2025-09-23,3.5561945327666824
2025-09-24,3.5677307088793815
2025-09-25,3.5514629258898798
2025-09-26,3.5475894255523333
2025-09-30,3.586818944677529
2025-10-01,3.5777886899078677
2025-10-02,3.577673879096381
2025-10-03,3.5550221751869455
2025-10-07,3.556601300019262
2025-10-08,3.570972678166612
2025-10-09,3.5754584665711966
2025-10-13,3.5669784777183815
2025-10-14,3.5906938459266895
2025-10-15,3.607375568114239
2025-10-16,3.627895638101201
2025-10-17,3.612654268623849
2025-10-20,3.617169087706671
2025-10-21,3.615684301932258
2025-10-22,3.625006867199117
2025-10-23,3.623409426694773
2025-10-27,3.6198898568906572
2025-10-28,3.5881213903795643
2025-10-29,3.601141058587964
2025-10-30,3.5848463747241226
2025-10-31,3.5718898883712917
2025-11-03,3.582245202243579
2025-11-04,3.5980267971558706
2025-11-05,3.603582299212072
2025-11-06,3.592741905025516
2025-11-07,3.5962071153993476
2025-11-10,3.596868683514356
2025-11-11,3.6016628179968118
2025-11-12,3.5620853762331035
2025-11-13,3.5525034617613906
2025-11-14,3.5253840236982565
2025-11-17,3.5208564127415567
2025-11-18,3.4742864211483737
2025-11-19,3.4506583601743683
2025-11-20,3.5116506894629773
2025-11-21,3.5254819157655763
2025-11-24,3.5602009002090282
2025-11-25,3.512022882695569
2025-11-26,3.5410762796672413
2025-11-27,3.537330620911003
2025-11-28,3.5582950540050837
2025-12-01,3.552812830235739
2025-12-02,3.612344146821145
2025-12-03,3.61682345002114
2025-12-04,3.660658310911142
2025-12-05,3.673730578149368
2025-12-08,3.657287600383277
2025-12-09,3.6696139320271213
2025-12-10,3.6598502475573
2025-12-11,3.6772327603866968
2025-12-12,3.6981070409412515
2025-12-15,3.7185228866337026
2025-12-16,3.717580533733869
2025-12-17,3.7518196215350517
2025-12-18,3.7468313820818877
2025-12-19,3.774281079603439
2025-12-22,3.787410024282864
2025-12-23,3.789365691866765
2025-12-24,3.783417527945157
2025-12-26,3.814842869683683
2025-12-29,3.81752319164111
2025-12-30,3.7587828818707614
2025-12-31,3.710674210792191
2026-01-02,3.763710301337414
2026-01-05,3.806950093633167
2026-01-06,3.801841129856139
2026-01-07,3.782031290850029
2026-01-08,3.7881844740431365
2026-01-09,3.815873414220572
2026-01-12,3.8307636285429063
2026-01-13,3.826773089290336
2026-01-14,3.8575845528806685
2026-01-15,3.9008297790336868
2026-01-16,3.9304128084392658
2026-01-19,3.9424521329542515
2026-01-20,3.912898289818499
2026-01-21,3.926119791495088
2026-01-22,3.9237082903304854
2026-01-23,3.90863830942431
2026-01-26,3.9206543094291484
2026-01-27,3.911896148877757
2026-01-28,3.9532453137260903
2026-01-29,3.969789021063005
2026-01-30,3.903227889188145
2026-02-02,3.8673378457359204
2026-02-03,3.9079374090204597
2026-02-04,3.913266807780384
2026-02-05,3.950200519140836
2026-02-06,3.9694856528601083
2026-02-09,3.987805626328121
2026-02-10,4.016151376908095
2026-02-11,4.066389847345304
2026-02-23,4.2435023083329755
2026-02-24,4.304743930440375
2026-02-25,4.301084728157746
2026-02-26,4.366606023591583
2026-03-02,4.254379825785172
2026-03-03,4.232330087225829
2026-03-04,4.067203189563531
2026-03-05,4.116644943273113
2026-03-06,4.1033784585233875
2026-03-09,4.036636874746263
2026-03-10,4.017091911756124
2026-03-11,4.034817173862574
2026-03-12,3.9945492403331557
2026-03-13,3.990296526824346
2026-03-16,3.9709604683923296
2026-03-17,3.972782315426375
2026-03-18,3.981802144073239
2026-03-19,3.952045298813703
2026-03-20,3.964548420600708
2026-03-23,3.8941366508822677
2026-03-24,3.9417012148428774
2026-03-25,4.010813319353549
2026-03-26,3.9682552952144525
2026-03-27,3.955969360514118
2026-03-30,3.916479831601008
2026-03-31,3.9166256914822535
2026-04-01,3.974113667470846
2026-04-02,3.975655717895816
2026-04-07,3.9938374799113556
2026-04-08,4.004906451120616
2026-04-09,4.062096364170982
2026-04-10,4.032849520651652
2026-04-13,4.018051483640132
2026-04-14,4.094874020634021
2026-04-15,4.174556995657532
2026-04-16,4.177405770496526
2026-04-17,4.191280906290556
2026-04-20,4.177789161117954
2026-04-21,4.132402804709821
2026-04-22,4.131404829126087
2026-04-23,4.128669470974588
2026-04-24,4.127223451602814
2026-04-27,4.164867103947304
2026-04-28,4.004145542648151
2026-04-29,3.9895768393503754
2026-04-30,3.915398007146022
2026-05-04,3.92717433650252
2026-05-05,3.9744035579916352
2026-05-06,3.989848314155021
2026-05-07,4.04465225017656
2026-05-08,4.051605442925381
2026-05-11,4.0444270299355205
2026-05-12,3.9807053917968633
2026-05-13,3.996961862431765
2026-05-14,3.987349009150295
2026-05-15,3.969737760312588
2026-05-18,3.921642723118141
2026-05-19,3.9623744373585676
2026-05-20,3.9279934286513822
2026-05-21,3.942319069263543
2026-05-22,3.937345515995417
2026-05-25,3.849163272493992
2026-05-26,3.814689565819133
2026-05-27,3.8137685733801967
2026-05-29,3.87522708124985
2026-06-01,4.076555566944532
2026-06-02,4.176987185041061
2026-06-03,4.367151711186179
2026-06-04,4.46730133184785
2026-06-05,4.236079825748444
2026-06-08,4.105579569286365
2026-06-09,4.2735427115185995
2026-06-10,4.259787024569406
2026-06-11,4.284914063484388
2026-06-12,4.323244272401341
2026-06-15,4.394816974023704
2026-06-16,4.469251080379543
2026-06-17,4.524532104861247
2026-06-18,4.547657535513835
2026-06-22,4.489724441316003
2026-06-23,4.487753318000948
2026-06-24,4.425635659826061
2026-06-25,4.5361683467537794
2026-06-26,4.426577803833753
2026-06-29,4.461744574317056
2026-06-30,4.519966000135606
2026-07-01,4.427163659963746
2026-07-02,4.406517943670447
2026-07-03,4.482666325320287
2026-07-06,4.540515818890927
2026-07-07,4.59391381446902
2026-07-08,4.649377297387434
2026-07-09,4.576144366812318
2026-07-13,4.592922229308618
2026-07-14,4.606428436428061
2026-07-15,4.569309590970435
2026-07-16,4.631915515125288
2026-07-17,4.688355154544186
2026-07-20,4.675789245124714
2026-07-21,4.760333965756023
2026-07-22,4.792837390867231
2026-07-23,4.786940012444612
2026-07-24,4.756336505149944
2026-07-27,4.826346678253649
2026-07-28,4.824155133359188
2026-07-29,4.851081904971465
2026-07-30,4.922551548328107
2026-07-31,5.00049495064244
2026-08-03,4.934717779664305
2026-08-04,4.920604108702607
2026-08-05,4.964888645898078
2026-08-06,4.980772684343231
2026-08-07,5.018990081833306
2026-08-10,4.977294395985538
2026-08-11,4.934929628661887
2026-08-12,4.898796727752385
2026-08-13,4.7138812696542765
2026-08-14,4.696707617126069
2026-08-17,4.730990556033243
2026-08-18,4.772467533719766
2026-08-19,4.726222403746291
2026-08-20,4.72040473122588
2026-08-21,4.782764559039409
2026-08-24,4.753610459177449
2026-08-25,4.799124138801767
2026-08-26,4.778848215799803
2026-08-27,4.75793007462308
2026-08-28,4.836230716744831
2026-08-31,4.92799263858571
2026-09-01,4.98131537889294
2026-09-02,5.070787556042404
2026-09-03,5.124177125317344
2026-09-04,5.167105874917432
2026-09-07,5.206247691426053
2026-09-08,5.280769885240806
2026-09-09,5.215099023999846
2026-09-10,5.247237040795467
2026-09-11,5.355300308747672
