1101
1102
1103
1104
1108
1201
1210
1215
1216
1217
1218
1219
1227
1229
1234
1262
1301
1303
1304
1305
1308
1309
1310
1311
1312
1313
1314
1316
1319
1321
1323
1325
1326
1337
1338
1339
1340
1342
1402
1409
1410
1416
1417
1419
1434
1437
1439
1440
1444
1447
1449
1451
1452
1455
1457
1460
1463
1464
1466
1471
1476
1477
1503
1504
1507
1513
1514
1515
1516
1517
1519
1520
1522
1524
1525
1526
1527
1528
1529
1531
1532
1533
1536
1537
1538
1539
1540
1558
1560
1565
1566
1568
1569
1582
1584
1587
1589
1590
1592
1595
1597
1598
1599
1601
1603
1605
1606
1608
1609
1611
1612
1616
1618
1701
1702
1704
1707
1708
1709
1710
1711
1712
1714
1715
1716
1717
1718
1720
1721
1722
1723
1727
1729
1730
1732
1733
1734
1736
1737
1742
1752
1760
1762
1773
1781
1783
1784
1785
1786
1789
1795
1796
1802
1806
1808
1809
1810
1815
1902
1903
1904
1905
1906
1907
1909
2002
2006
2007
2008
2009
2010
2013
2014
2015
2017
2020
2022
2023
2025
2027
2028
2029
2030
2031
2032
2034
2035
2038
2049
2059
2062
2069
2070
2101
2102
2103
2104
2105
2106
2107
2108
2201
2204
2206
2207
2208
2227
2228
2230
2231
2233
2241
2301
2303
2305
2308
2311
2312
2313
2314
2315
2316
2317
2321
2323
2324
2325
2327
2328
2329
2330
2331
2332
2336
2337
2338
2340
2341
2342
2343
2344
2345
2347
2348
2349
2350
2351
2352
2353
2354
2355
2356
2357
2358
2359
2360
2361
2362
2363
2364
2365
2366
2367
2368
2369
2371
2373
2374
2375
2376
2377
2379
2380
2382
2383
2384
2385
2387
2388
2390
2391
2392
2393
2394
2395
2396
2399
2401
2402
2403
2404
2405
2406
2408
2409
2412
2414
2416
2417
2418
2419
2420
2421
2422
2425
2426
2427
2428
2429
2430
2431
2432
2434
2436
2438
2439
2441
2442
2443
2444
2446
2448
2449
2450
2451
2452
2453
2454
2455
2456
2457
2458
2459
2460
2461
2462
2464
2465
2467
2468
2469
2471
2472
2473
2474
2475
2476
2478
2480
2481
2482
2484
2485
2486
2488
2489
2491
2492
2495
2496
2497
2498
2499
2501
2504
2505
2509
2511
2514
2515
2520
2524
2526
2534
2535
2536
2538
2542
2543
2545
2547
2548
2597
2601
2603
2605
2606
2607
2608
2609
2610
2611
2612
2613
2614
2615
2617
2618
2630
2633
2634
2636
2637
2641
2642
2645
2702
2704
2705
2707
2723
2727
2729
2731
2732
2736
2743
2745
2748
2753
2754
2801
2807
2808
2809
2812
2820
2822
2823
2833
2834
2836
2838
2841
2845
2847
2850
2854
2855
2856
2880
2881
2882
2883
2884
2885
2886
2887
2888
2889
2890
2891
2892
2903
2905
2906
2908
2911
2912
2913
2915
2929
3003
3004
3005
3006
3007
3008
3009
3010
3011
3012
3013
3014
3015
3016
3017
3018
3019
3020
3022
3023
3024
3025
3026
3027
3028
3029
3030
3031
3032
3033
3034
3035
3036
3037
3038
3041
3042
3043
3044
3045
3046
3047
3048
3049
3055
3056
3057
3059
3060
3061
3062
3063
3064
3068
3071
3073
3078
3080
3081
3083
3085
3086
3088
3089
3090
3092
3093
3094
3095
3105
3122
3128
3131
3138
3141
3144
3147
3149
3152
3162
3163
3164
3167
3169
3176
3178
3188
3189
3202
3205
3207
3209
3211
3213
3214
3217
3218
3219
3221
3224
3227
3228
3229
3230
3231
3234
3236
3257
3260
3264
3265
3268
3271
3272
3285
3287
3288
3290
3293
3294
3303
3305
3306
3308
3311
3312
3315
3317
3322
3323
3324
3325
3338
3339
3346
3356
3357
3362
3363
3367
3373
3374
3376
3379
3380
3383
3388
3402
3406
3413
3416
3428
3430
3434
3437
3438
3441
3443
3447
3450
3452
3454
3455
3474
3479
3481
3483
3484
3490
3491
3494
3498
3501
3504
3508
3511
3514
3515
3518
3519
3520
3522
3523
3526
3527
3528
3529
3530
3532
3533
3534
3535
3537
3540
3541
3545
3546
3548
3551
3552
3553
3556
3557
3558
3561
3563
3564
3570
3573
3576
3577
3579
3580
3582
3583
3584
3587
3588
3591
3592
3594
3596
3598
3605
3607
3611
3615
3617
3622
3624
3625
3630
3638
3645
3653
3658
3661
3662
3663
3664
3665
3669
3673
3675
3680
3682
3686
3687
3689
3691
3693
3694
3697
3698
3701
3702
3703
3704
3705
3706
3707
3708
3709
3711
3712
3714
3715
4102
4103
4104
4105
4106
4111
4114
4116
4119
4120
4121
4123
4126
4128
4129
4130
4131
4133
4137
4138
4141
4142
4144
4147
4152
4153
4157
4161
4162
4163
4164
4167
4168
4171
4174
4175
4180
4190
4303
4306
4401
4414
4415
4417
4419
4426
4432
4503
4510
4513
4523
4526
4528
4532
4533
4534
4536
4540
4541
4542
4549
4551
4552
4561
4562
4563
4566
4571
4572
4576
4583
4609
4703
4712
4714
4716
4721
4722
4725
4726
4728
4733
4735
4736
4739
4743
4744
4746
4749
4755
4760
4763
4766
4768
4770
4772
4803
4903
4904
4906
4907
4908
4909
4911
4912
4915
4916
4919
4927
4930
4931
4933
4934
4935
4938
4939
4942
4943
4944
4947
4949
4951
4952
4953
4956
4958
4960
4961
4966
4967
4968
4971
4973
4974
4976
4977
4979
4984
4989
4991
4994
5007
5009
5013
5014
5201
5202
5203
5209
5211
5213
5215
5222
5223
5227
5234
5243
5245
5251
5255
5258
5263
5264
5269
5272
5274
5280
5281
5284
5285
5288
5289
5299
5302
5305
5306
5309
5312
5314
5315
5317
5321
5324
5326
5328
5340
5346
5347
5349
5351
5356
5371
5386
5388
5392
5403
5410
5425
5426
5434
5438
5439
5443
5452
5457
5465
5469
5471
5474
5475
5478
5480
5481
5483
5484
5489
5490
5491
5498
5505
5508
5511
5512
5521
5522
5530
5531
5534
5536
5607
5608
5609
5701
5706
5820
5854
5864
5871
5876
5880
5904
5905
6004
6005
6008
6012
6015
6016
6020
6023
6104
6105
6108
6111
6113
6115
6116
6117
6118
6120
6121
6122
6123
6124
6125
6126
6127
6129
6133
6134
6138
6139
6140
6141
6142
6143
6145
6146
6147
6148
6150
6152
6153
6154
6155
6158
6160
6163
6164
6166
6167
6168
6169
6170
6173
6175
6176
6177
6179
6180
6182
6183
6187
6188
6189
6190
6191
6194
6196
6197
6199
6202
6203
6205
6206
6207
6208
6209
6210
6213
6214
6215
6217
6218
6220
6223
6224
6227
6230
6231
6233
6234
6235
6237
6238
6239
6243
6244
6245
6246
6251
6255
6257
6261
6263
6265
6266
6269
6270
6271
6274
6275
6277
6278
6279
6280
6282
6283
6284
6285
6286
6288
6289
6290
6291
6298
6409
6411
6412
6414
6415
6416
6417
6425
6426
6435
6438
6441
6442
6443
6446
6449
6451
6452
6456
6457
6461
6462
6469
6470
6472
6477
6485
6488
6491
6492
6494
6499
6504
6505
6508
6509
6510
6515
6517
6523
6525
6526
6530
6531
6532
6533
6535
6538
6546
6547
6548
6552
6558
6561
6568
6570
6582
6584
6588
6589
6605
6609
6612
6613
6625
6640
6643
6658
6664
6667
6668
6669
6672
6679
6683
6684
6690
6691
6695
6703
6712
6719
6727
6732
6739
6741
6742
6752
6753
6756
6757
6761
6763
6768
6770
6781
6788
6789
6791
6799
6805
6806
6811
6829
6830
6859
6869
6873
6877
6890
6895
6903
6919
6922
6937
7402
7712
7734
8008
8011
8016
8021
8024
8027
8028
8032
8033
8034
8038
8039
8040
8042
8043
8044
8046
8048
8050
8054
8064
8068
8069
8070
8071
8072
8074
8076
8078
8081
8084
8085
8086
8088
8089
8091
8096
8097
8099
8101
8103
8104
8105
8107
8109
8110
8111
8112
8114
8121
8131
8147
8150
8155
8163
8171
8182
8183
8210
8213
8215
8222
8227
8234
8240
8249
8255
8261
8266
8271
8277
8287
8289
8299
8341
8349
8358
8367
8374
8383
8390
8403
8404
8406
8411
8415
8422
8426
8429
8431
8432
8433
8436
8440
8446
8454
8464
8478
8489
8916
8924
8925
8926
8927
8932
8933
8936
8937
8938
8942
8996
9802
9904
9906
9907
9910
9911
9914
9917
9919
9921
9924
9927
9933
9934
9937
9938
9939
9941
9943
9945
9949
9951
9958
